5.550694465637207031e+00 -8.784832954406738281e+00 4.289893150329589844e+00
5.485034942626953125e+00 -8.639584541320800781e+00 4.359490394592285156e+00
5.407722473144531250e+00 -8.471943855285644531e+00 4.442691326141357422e+00
5.317667007446289062e+00 -8.280422210693359375e+00 4.544085025787353516e+00
5.222722053527832031e+00 -8.083155632019042969e+00 4.620082855224609375e+00
5.119996547698974609e+00 -7.875852584838867188e+00 4.665010929107666016e+00
5.006086349487304688e+00 -7.653536796569824219e+00 4.671795845031738281e+00
4.882707595825195312e+00 -7.413232803344726562e+00 4.679113864898681641e+00
4.731693267822265625e+00 -7.119726657867431641e+00 4.693693637847900391e+00
4.556164264678955078e+00 -6.777154922485351562e+00 4.704783916473388672e+00
4.402147293090820312e+00 -6.405729293823242188e+00 4.748083591461181641e+00
4.293351173400878906e+00 -5.924814224243164062e+00 4.785993099212646484e+00
4.115675926208496094e+00 -5.326923847198486328e+00 4.754407882690429688e+00
3.935980796813964844e+00 -4.683708190917968750e+00 4.738390922546386719e+00
3.538589715957641602e+00 -3.455914020538330078e+00 3.392984867095947266e+00
2.999903678894042969e+00 -2.273630380630493164e+00 8.164457678794860840e-01
2.900471448898315430e+00 -2.171025991439819336e+00 7.237250208854675293e-01
2.778384923934936523e+00 -2.084762573242187500e+00 7.817370295524597168e-01
2.718325376510620117e+00 -2.054273605346679688e+00 8.906037211418151855e-01
2.672270298004150391e+00 -2.031625032424926758e+00 9.901179671287536621e-01
2.626520156860351562e+00 -2.008426189422607422e+00 1.085203289985656738e+00
2.581288337707519531e+00 -1.984622597694396973e+00 1.174778580665588379e+00
2.541448354721069336e+00 -1.953592419624328613e+00 1.221091389656066895e+00
2.502932310104370117e+00 -1.921214938163757324e+00 1.256490349769592285e+00
2.464997291564941406e+00 -1.888672828674316406e+00 1.287137627601623535e+00
2.428983449935913086e+00 -1.859815359115600586e+00 1.316853404045104980e+00
2.394312620162963867e+00 -1.832578659057617188e+00 1.342963337898254395e+00
2.367359876632690430e+00 -1.809584140777587891e+00 1.360906243324279785e+00
2.343591690063476562e+00 -1.785158753395080566e+00 1.363936305046081543e+00
2.322317838668823242e+00 -1.756709933280944824e+00 1.345474839210510254e+00
2.300692319869995117e+00 -1.727312564849853516e+00 1.322064757347106934e+00
2.271964550018310547e+00 -1.687464714050292969e+00 1.282095789909362793e+00
2.240602493286132812e+00 -1.643541812896728516e+00 1.234403014183044434e+00
2.208672046661376953e+00 -1.598697900772094727e+00 1.187428832054138184e+00
2.177785396575927734e+00 -1.555011391639709473e+00 1.138827919960021973e+00
2.147840738296508789e+00 -1.512380599975585938e+00 1.088716626167297363e+00
2.118736267089843750e+00 -1.470705866813659668e+00 1.037234187126159668e+00
2.090372800827026367e+00 -1.429891705513000488e+00 9.845404028892517090e-01
2.062656879425048828e+00 -1.389851093292236328e+00 9.308139681816101074e-01
2.047234773635864258e+00 -1.358014225959777832e+00 8.790127635002136230e-01
2.041656970977783203e+00 -1.336069703102111816e+00 8.434714674949645996e-01
2.038045883178710938e+00 -1.316353440284729004e+00 8.081831336021423340e-01
2.037403821945190430e+00 -1.299650788307189941e+00 7.746407389640808105e-01
2.036402702331542969e+00 -1.282947182655334473e+00 7.407268881797790527e-01
2.035039901733398438e+00 -1.266266226768493652e+00 7.067655920982360840e-01
2.033325910568237305e+00 -1.249640703201293945e+00 6.730558276176452637e-01
2.031278610229492188e+00 -1.233106255531311035e+00 6.398658156394958496e-01
2.028926134109497070e+00 -1.216704845428466797e+00 6.074303984642028809e-01
2.026303529739379883e+00 -1.200481295585632324e+00 5.759529471397399902e-01
2.023453235626220703e+00 -1.184482455253601074e+00 5.455998778343200684e-01
2.020788908004760742e+00 -1.168978333473205566e+00 5.163318514823913574e-01
2.026024341583251953e+00 -1.158661961555480957e+00 4.846517443656921387e-01
2.031082868576049805e+00 -1.148651480674743652e+00 4.544443488121032715e-01
2.035997390747070312e+00 -1.138977408409118652e+00 4.257556796073913574e-01
2.040800809860229492e+00 -1.129667758941650391e+00 3.986064791679382324e-01
2.045526266098022461e+00 -1.120747566223144531e+00 3.729905486106872559e-01
2.050203800201416016e+00 -1.112237334251403809e+00 3.488797545433044434e-01
2.054862499237060547e+00 -1.104153990745544434e+00 3.262271285057067871e-01
2.059526920318603516e+00 -1.096508622169494629e+00 3.049680590629577637e-01
2.064220905303955078e+00 -1.089310526847839355e+00 2.850281596183776855e-01
2.068977355957031250e+00 -1.082544207572937012e+00 2.662534117698669434e-01
2.075025320053100586e+00 -1.074879288673400879e+00 2.435511797666549683e-01
2.081166744232177734e+00 -1.067840814590454102e+00 2.226680964231491089e-01
2.087454319000244141e+00 -1.061490654945373535e+00 2.038287371397018433e-01
2.093785524368286133e+00 -1.055573582649230957e+00 1.858517378568649292e-01
2.100163459777832031e+00 -1.050069451332092285e+00 1.686264723539352417e-01
2.106585502624511719e+00 -1.044958949089050293e+00 1.520578116178512573e-01
2.113045454025268555e+00 -1.040222287178039551e+00 1.360573023557662964e-01
2.120926380157470703e+00 -1.037124991416931152e+00 1.218518465757369995e-01
2.129096031188964844e+00 -1.034620285034179688e+00 1.083442419767379761e-01
2.137141466140747070e+00 -1.032330632209777832e+00 9.512870013713836670e-02
2.145032405853271484e+00 -1.030232310295104980e+00 8.216755092144012451e-02
2.152734279632568359e+00 -1.028304100036621094e+00 6.943766772747039795e-02
2.160212516784667969e+00 -1.026524782180786133e+00 5.692498385906219482e-02
2.167431116104125977e+00 -1.024879336357116699e+00 4.463402926921844482e-02
2.174354553222656250e+00 -1.023351550102233887e+00 3.257338702678680420e-02
2.180949211120605469e+00 -1.021929383277893066e+00 2.076356112957000732e-02
2.187695980072021484e+00 -1.020898938179016113e+00 8.722946047782897949e-03
2.195103168487548828e+00 -1.020561099052429199e+00 -4.049137234687805176e-03
2.203341007232666016e+00 -1.022284865379333496e+00 -1.447613537311553955e-02
2.211313247680664062e+00 -1.024404883384704590e+00 -2.413351833820343018e-02
2.218644857406616211e+00 -1.026368498802185059e+00 -3.351385891437530518e-02
2.225320577621459961e+00 -1.028174161911010742e+00 -4.257352650165557861e-02
2.231330871582031250e+00 -1.029823184013366699e+00 -5.127318203449249268e-02
2.236676692962646484e+00 -1.031321644783020020e+00 -5.957682430744171143e-02
2.241367340087890625e+00 -1.032677888870239258e+00 -6.745465099811553955e-02
2.245419979095458984e+00 -1.033903717994689941e+00 -7.488234341144561768e-02
2.248863220214843750e+00 -1.035015225410461426e+00 -8.184345066547393799e-02
2.251732587814331055e+00 -1.036029577255249023e+00 -8.832986652851104736e-02
2.254075050354003906e+00 -1.036969184875488281e+00 -9.434016048908233643e-02
2.255942821502685547e+00 -1.037855982780456543e+00 -9.988410770893096924e-02
2.257397651672363281e+00 -1.038714528083801270e+00 -1.049791127443313599e-01
2.258507728576660156e+00 -1.039571642875671387e+00 -1.096483021974563599e-01
2.259346008300781250e+00 -1.040452837944030762e+00 -1.139293462038040161e-01
2.259990692138671875e+00 -1.041384339332580566e+00 -1.178615838289260864e-01
2.260521411895751953e+00 -1.042390942573547363e+00 -1.214946061372756958e-01
2.261019706726074219e+00 -1.043496251106262207e+00 -1.248837262392044067e-01
2.261566162109375000e+00 -1.044720530509948730e+00 -1.280878335237503052e-01
2.262238979339599609e+00 -1.046082377433776855e+00 -1.311691552400588989e-01
2.263111829757690430e+00 -1.047595381736755371e+00 -1.341927796602249146e-01
2.264252185821533203e+00 -1.049268126487731934e+00 -1.372252255678176880e-01
2.265721559524536133e+00 -1.051106929779052734e+00 -1.403272897005081177e-01
2.267570257186889648e+00 -1.053111195564270020e+00 -1.435597687959671021e-01
2.269840240478515625e+00 -1.055275678634643555e+00 -1.469803601503372192e-01
2.272560119628906250e+00 -1.057590126991271973e+00 -1.506343632936477661e-01
2.275749683380126953e+00 -1.060040473937988281e+00 -1.545642167329788208e-01
2.279413223266601562e+00 -1.062606215476989746e+00 -1.588016301393508911e-01
2.283545494079589844e+00 -1.065265178680419922e+00 -1.633675843477249146e-01
2.288127422332763672e+00 -1.067990899085998535e+00 -1.682704240083694458e-01
2.293129205703735352e+00 -1.070754766464233398e+00 -1.735096722841262817e-01
2.298511028289794922e+00 -1.073527336120605469e+00 -1.790695935487747192e-01
2.304223060607910156e+00 -1.076277613639831543e+00 -1.849239617586135864e-01
2.310205698013305664e+00 -1.078974843025207520e+00 -1.910334378480911255e-01
2.316396951675415039e+00 -1.081592321395874023e+00 -1.973486691713333130e-01
2.322726011276245117e+00 -1.084102272987365723e+00 -2.038105279207229614e-01
2.329120874404907227e+00 -1.086481928825378418e+00 -2.103482037782669067e-01
2.335506916046142578e+00 -1.088711977005004883e+00 -2.168842107057571411e-01
2.341809272766113281e+00 -1.090776085853576660e+00 -2.233367711305618286e-01
2.347955942153930664e+00 -1.092665791511535645e+00 -2.296167165040969849e-01
2.353876352310180664e+00 -1.094373822212219238e+00 -2.356344014406204224e-01
2.359503746032714844e+00 -1.095901012420654297e+00 -2.412958890199661255e-01
2.364777803421020508e+00 -1.097251772880554199e+00 -2.465110570192337036e-01
2.369642734527587891e+00 -1.098435044288635254e+00 -2.511895298957824707e-01
2.374048709869384766e+00 -1.099464774131774902e+00 -2.552457451820373535e-01
2.377954721450805664e+00 -1.100359439849853516e+00 -2.586005330085754395e-01
2.381325006484985352e+00 -1.101139783859252930e+00 -2.611804604530334473e-01
2.384131193161010742e+00 -1.101829171180725098e+00 -2.629228234291076660e-01
2.386352062225341797e+00 -1.102453470230102539e+00 -2.637701630592346191e-01
2.387973785400390625e+00 -1.103039741516113281e+00 -2.636809945106506348e-01
2.388988971710205078e+00 -1.103614330291748047e+00 -2.626219391822814941e-01
2.389396429061889648e+00 -1.104204058647155762e+00 -2.605748772621154785e-01
2.389201402664184570e+00 -1.104833722114562988e+00 -2.575340867042541504e-01
2.388414621353149414e+00 -1.105526566505432129e+00 -2.535091042518615723e-01
2.387052059173583984e+00 -1.106302857398986816e+00 -2.485204488039016724e-01
2.385135412216186523e+00 -1.107180237770080566e+00 -2.426062375307083130e-01
2.382690191268920898e+00 -1.108172297477722168e+00 -2.358160763978958130e-01
2.379745960235595703e+00 -1.109287619590759277e+00 -2.282143384218215942e-01
2.376336574554443359e+00 -1.110532641410827637e+00 -2.198744565248489380e-01
2.372849464416503906e+00 -1.112162232398986816e+00 -2.106242924928665161e-01
2.369693756103515625e+00 -1.114440560340881348e+00 -2.002819329500198364e-01
2.366257190704345703e+00 -1.116887927055358887e+00 -1.894388943910598755e-01
2.362573146820068359e+00 -1.119485974311828613e+00 -1.782127171754837036e-01
2.358676433563232422e+00 -1.122213721275329590e+00 -1.667218953371047974e-01
2.356892108917236328e+00 -1.128607511520385742e+00 -1.516080647706985474e-01
2.355422496795654297e+00 -1.135794043540954590e+00 -1.357739716768264771e-01
2.353963136672973633e+00 -1.143219590187072754e+00 -1.198528558015823364e-01
2.352519512176513672e+00 -1.150814771652221680e+00 -1.039942055940628052e-01
2.351094245910644531e+00 -1.158508419990539551e+00 -8.834250271320343018e-02
2.349688529968261719e+00 -1.166229844093322754e+00 -7.303555309772491455e-02
2.348299980163574219e+00 -1.173908233642578125e+00 -5.819495022296905518e-02
2.346924543380737305e+00 -1.181476235389709473e+00 -4.393251240253448486e-02
2.345556020736694336e+00 -1.188870549201965332e+00 -3.034169971942901611e-02
2.344185829162597656e+00 -1.196033000946044922e+00 -1.749928295612335205e-02
2.342804908752441406e+00 -1.202910780906677246e+00 -5.462959408760070801e-03
2.341402292251586914e+00 -1.209458470344543457e+00 5.727455019950866699e-03
2.339964628219604492e+00 -1.215638160705566406e+00 1.605527102947235107e-02
2.338479518890380859e+00 -1.221419453620910645e+00 2.551977336406707764e-02
2.336932182312011719e+00 -1.226779580116271973e+00 3.413955867290496826e-02
2.335306882858276367e+00 -1.231703996658325195e+00 4.195253551006317139e-02
2.333587646484375000e+00 -1.236185193061828613e+00 4.900948703289031982e-02
2.331757307052612305e+00 -1.240223526954650879e+00 5.538146197795867920e-02
2.328595638275146484e+00 -1.241534352302551270e+00 5.936376750469207764e-02
2.325295209884643555e+00 -1.242435336112976074e+00 6.283967196941375732e-02
2.321895360946655273e+00 -1.243052005767822266e+00 6.598965823650360107e-02
2.318384170532226562e+00 -1.243418097496032715e+00 6.892459094524383545e-02
2.314750194549560547e+00 -1.243569850921630859e+00 7.175724208354949951e-02
2.310979604721069336e+00 -1.243543028831481934e+00 7.459871470928192139e-02
2.307057857513427734e+00 -1.243371605873107910e+00 7.755510509014129639e-02
2.302970886230468750e+00 -1.243088603019714355e+00 8.072583377361297607e-02
2.298703908920288086e+00 -1.242724061012268066e+00 8.420197665691375732e-02
2.294243335723876953e+00 -1.242305397987365723e+00 8.806245028972625732e-02
2.289576053619384766e+00 -1.241855025291442871e+00 9.237353503704071045e-02
2.284690856933593750e+00 -1.241393804550170898e+00 9.719030559062957764e-02
2.279579401016235352e+00 -1.240937471389770508e+00 1.025530546903610229e-01
2.274236202239990234e+00 -1.240497946739196777e+00 1.084839552640914917e-01
2.268660068511962891e+00 -1.240084886550903320e+00 1.149913519620895386e-01
2.262852907180786133e+00 -1.239703297615051270e+00 1.220695227384567261e-01
2.256823301315307617e+00 -1.239355564117431641e+00 1.296958178281784058e-01
2.251376390457153320e+00 -1.238174796104431152e+00 1.345707625150680542e-01
2.245847225189208984e+00 -1.236907362937927246e+00 1.394597738981246948e-01
2.240180492401123047e+00 -1.235638141632080078e+00 1.446301192045211792e-01
2.234399080276489258e+00 -1.234372377395629883e+00 1.500403136014938354e-01
2.228530406951904297e+00 -1.233114838600158691e+00 1.556438654661178589e-01
2.222607374191284180e+00 -1.231872677803039551e+00 1.613892763853073120e-01
2.216665267944335938e+00 -1.230651617050170898e+00 1.672205179929733276e-01
2.210745096206665039e+00 -1.229460835456848145e+00 1.730810850858688354e-01
2.204888343811035156e+00 -1.228307485580444336e+00 1.789077967405319214e-01
2.199141025543212891e+00 -1.227203011512756348e+00 1.846441477537155151e-01
2.193548917770385742e+00 -1.226156592369079590e+00 1.902291029691696167e-01
2.188393115997314453e+00 -1.225504040718078613e+00 1.960226744413375854e-01
2.183649778366088867e+00 -1.225159525871276855e+00 2.018460482358932495e-01
2.179166793823242188e+00 -1.224865794181823730e+00 2.073106020689010620e-01
2.174983978271484375e+00 -1.224631667137145996e+00 2.123703211545944214e-01
2.171135425567626953e+00 -1.224464178085327148e+00 2.169865816831588745e-01
2.167653799057006836e+00 -1.224371075630187988e+00 2.211255282163619995e-01
2.164564371109008789e+00 -1.224358201026916504e+00 2.247645109891891479e-01
2.161888360977172852e+00 -1.224430203437805176e+00 2.278851717710494995e-01
2.159641265869140625e+00 -1.224590182304382324e+00 2.304777354001998901e-01
2.157831192016601562e+00 -1.224839329719543457e+00 2.325402945280075073e-01
2.156463384628295898e+00 -1.225177526473999023e+00 2.340783327817916870e-01
2.155534267425537109e+00 -1.225600361824035645e+00 2.350992411375045776e-01
2.155037164688110352e+00 -1.226104974746704102e+00 2.356228083372116089e-01
2.154959678649902344e+00 -1.226682782173156738e+00 2.356662005186080933e-01
2.155286550521850586e+00 -1.227326750755310059e+00 2.352554053068161011e-01
2.155997514724731445e+00 -1.228025078773498535e+00 2.344140261411666870e-01
2.157071352005004883e+00 -1.228767991065979004e+00 2.331721037626266479e-01
2.158484935760498047e+00 -1.229543328285217285e+00 2.315584868192672729e-01
2.160213470458984375e+00 -1.230338454246520996e+00 2.296025007963180542e-01
2.162231922149658203e+00 -1.231141686439514160e+00 2.273337095975875854e-01
2.164517641067504883e+00 -1.231941699981689453e+00 2.247807234525680542e-01
2.167046546936035156e+00 -1.232728481292724609e+00 2.219731062650680542e-01
2.169797420501708984e+00 -1.233493208885192871e+00 2.189363688230514526e-01
2.172749280929565430e+00 -1.234227657318115234e+00 2.156964987516403198e-01
2.175884723663330078e+00 -1.234927177429199219e+00 2.122792452573776245e-01
2.179186344146728516e+00 -1.235588669776916504e+00 2.087077349424362183e-01
2.182639360427856445e+00 -1.236209392547607422e+00 2.050053328275680542e-01
2.186229705810546875e+00 -1.236791014671325684e+00 2.011956423521041870e-01
2.189943552017211914e+00 -1.237333655357360840e+00 1.972960680723190308e-01
2.193768501281738281e+00 -1.237840294837951660e+00 1.933302134275436401e-01
2.197691440582275391e+00 -1.238315820693969727e+00 1.893183439970016479e-01
2.201700210571289062e+00 -1.238764643669128418e+00 1.852788180112838745e-01
2.205779790878295898e+00 -1.239190340042114258e+00 1.812297552824020386e-01
2.209915161132812500e+00 -1.239597916603088379e+00 1.771899908781051636e-01
2.214089632034301758e+00 -1.239991903305053711e+00 1.731785982847213745e-01
2.218283176422119141e+00 -1.240374207496643066e+00 1.692110747098922729e-01
2.222476005554199219e+00 -1.240748047828674316e+00 1.653057783842086792e-01
2.226642131805419922e+00 -1.241112112998962402e+00 1.614793986082077026e-01
2.230756759643554688e+00 -1.241466164588928223e+00 1.577488631010055542e-01
2.234790325164794922e+00 -1.241806507110595703e+00 1.541294306516647339e-01
2.238711833953857422e+00 -1.242128014564514160e+00 1.506380289793014526e-01
2.242487192153930664e+00 -1.242424130439758301e+00 1.472927778959274292e-01
2.246081590652465820e+00 -1.242686629295349121e+00 1.441098898649215698e-01
2.249552488327026367e+00 -1.243036031723022461e+00 1.412774771451950073e-01
2.252836465835571289e+00 -1.243426680564880371e+00 1.387681216001510620e-01
2.255809307098388672e+00 -1.243729948997497559e+00 1.364568918943405151e-01
2.258430957794189453e+00 -1.243931651115417480e+00 1.343619078397750854e-01
2.260662555694580078e+00 -1.244018673896789551e+00 1.325086802244186401e-01
2.262465476989746094e+00 -1.243977427482604980e+00 1.309215277433395386e-01
2.263803720474243164e+00 -1.243797063827514648e+00 1.296292990446090698e-01
2.264644145965576172e+00 -1.243466258049011230e+00 1.286582201719284058e-01
2.264957666397094727e+00 -1.242977499961853027e+00 1.280404776334762573e-01
2.264719486236572266e+00 -1.242325425148010254e+00 1.278080195188522339e-01
2.263909578323364258e+00 -1.241506934165954590e+00 1.279920786619186401e-01
2.262514591217041016e+00 -1.240522980690002441e+00 1.286243647336959839e-01
2.260525226593017578e+00 -1.239376187324523926e+00 1.297332495450973511e-01
2.257941246032714844e+00 -1.238072872161865234e+00 1.313454359769821167e-01
2.254768133163452148e+00 -1.236623167991638184e+00 1.334835737943649292e-01
2.251019239425659180e+00 -1.235039353370666504e+00 1.361641138792037964e-01
2.246715545654296875e+00 -1.233337283134460449e+00 1.393987387418746948e-01
2.241884708404541016e+00 -1.231534600257873535e+00 1.431893557310104370e-01
2.236562252044677734e+00 -1.229651808738708496e+00 1.475311964750289917e-01
2.230790138244628906e+00 -1.227710247039794922e+00 1.524111479520797729e-01
2.224755525588989258e+00 -1.225924849510192871e+00 1.580476015806198120e-01
2.218440771102905273e+00 -1.224220871925354004e+00 1.642827242612838745e-01
2.211848735809326172e+00 -1.222544312477111816e+00 1.709734648466110229e-01
2.205040216445922852e+00 -1.220915675163269043e+00 1.780597418546676636e-01
2.198077440261840820e+00 -1.219353318214416504e+00 1.854762285947799683e-01
2.191024303436279297e+00 -1.217872977256774902e+00 1.931442469358444214e-01
2.183945655822753906e+00 -1.216490030288696289e+00 2.009791582822799683e-01
2.176906585693359375e+00 -1.215216279029846191e+00 2.088903635740280151e-01
2.169968128204345703e+00 -1.214059948921203613e+00 2.167798727750778198e-01
2.163191080093383789e+00 -1.213027119636535645e+00 2.245482653379440308e-01
2.156630754470825195e+00 -1.212120532989501953e+00 2.320930212736129761e-01
2.150338888168334961e+00 -1.211339831352233887e+00 2.393123358488082886e-01
2.144361495971679688e+00 -1.210681200027465820e+00 2.461070269346237183e-01
2.139408349990844727e+00 -1.210506200790405273e+00 2.520081400871276855e-01
2.137663364410400391e+00 -1.211984157562255859e+00 2.557303309440612793e-01
2.136075496673583984e+00 -1.213415026664733887e+00 2.588996291160583496e-01
2.134643554687500000e+00 -1.214772224426269531e+00 2.614533305168151855e-01
2.133366107940673828e+00 -1.216032743453979492e+00 2.633361220359802246e-01
2.132235288619995117e+00 -1.217170715332031250e+00 2.644991278648376465e-01
2.131242036819458008e+00 -1.218163132667541504e+00 2.649065852165222168e-01
2.130373954772949219e+00 -1.218987107276916504e+00 2.645296454429626465e-01
2.129616498947143555e+00 -1.219622254371643066e+00 2.633530497550964355e-01
2.128952503204345703e+00 -1.220049262046813965e+00 2.613725066184997559e-01
2.128363609313964844e+00 -1.220250725746154785e+00 2.585918307304382324e-01
2.127828836441040039e+00 -1.220211386680603027e+00 2.550284266471862793e-01
2.127327919006347656e+00 -1.219918131828308105e+00 2.507073283195495605e-01
2.126838445663452148e+00 -1.219359755516052246e+00 2.456642836332321167e-01
2.126340150833129883e+00 -1.218528747558593750e+00 2.399410456418991089e-01
2.125811100006103516e+00 -1.217417597770690918e+00 2.335869520902633667e-01
2.125232458114624023e+00 -1.216022610664367676e+00 2.266563624143600464e-01
2.124813318252563477e+00 -1.214092731475830078e+00 2.182711809873580933e-01
2.124783515930175781e+00 -1.211359739303588867e+00 2.074832171201705933e-01
2.124711036682128906e+00 -1.208510279655456543e+00 1.966139525175094604e-01
2.125036239624023438e+00 -1.206434488296508789e+00 1.871473044157028198e-01
2.125241518020629883e+00 -1.204151868820190430e+00 1.775750368833541870e-01
2.125317335128784180e+00 -1.201663136482238770e+00 1.679472178220748901e-01
2.125258922576904297e+00 -1.198970913887023926e+00 1.583086699247360229e-01
2.125067710876464844e+00 -1.196080446243286133e+00 1.486996859312057495e-01
2.124750137329101562e+00 -1.192997097969055176e+00 1.391514986753463745e-01
2.125634908676147461e+00 -1.190322399139404297e+00 1.285900324583053589e-01
2.127665281295776367e+00 -1.188034176826477051e+00 1.170953959226608276e-01
2.129696607589721680e+00 -1.185617089271545410e+00 1.056515425443649292e-01
2.131745338439941406e+00 -1.183081746101379395e+00 9.427492320537567139e-02
2.133832931518554688e+00 -1.180440545082092285e+00 8.297125995159149170e-02
2.135982990264892578e+00 -1.177708864212036133e+00 7.175223529338836670e-02
2.138220310211181641e+00 -1.174904108047485352e+00 6.061927974224090576e-02
2.140572309494018555e+00 -1.172047257423400879e+00 4.957787692546844482e-02
2.143065929412841797e+00 -1.169161558151245117e+00 3.863374888896942139e-02
2.145725488662719727e+00 -1.166272759437561035e+00 2.779476344585418701e-02
2.148573160171508789e+00 -1.163408756256103516e+00 1.707212626934051514e-02
2.151627540588378906e+00 -1.160599827766418457e+00 6.482765078544616699e-03
2.154901742935180664e+00 -1.157876729965209961e+00 -3.954961895942687988e-03
2.158961296081542969e+00 -1.156140923500061035e+00 -1.343782246112823486e-02
2.163286924362182617e+00 -1.154618382453918457e+00 -2.265675365924835205e-02
2.167776584625244141e+00 -1.153195023536682129e+00 -3.170974552631378174e-02
2.172415733337402344e+00 -1.151905059814453125e+00 -4.055793583393096924e-02
2.177180767059326172e+00 -1.150783181190490723e+00 -4.915530979633331299e-02
2.182042598724365234e+00 -1.149865031242370605e+00 -5.745537579059600830e-02
2.186963558197021484e+00 -1.149186968803405762e+00 -6.540830433368682861e-02
2.191900253295898438e+00 -1.148784279823303223e+00 -7.296402752399444580e-02
2.196799755096435547e+00 -1.148691296577453613e+00 -8.007366955280303955e-02
2.201604604721069336e+00 -1.148940205574035645e+00 -8.669193089008331299e-02
2.206252813339233398e+00 -1.149563908576965332e+00 -9.277541935443878174e-02
2.210674524307250977e+00 -1.150590062141418457e+00 -9.828908741474151611e-02
2.214797735214233398e+00 -1.152045249938964844e+00 -1.032048016786575317e-01
2.218546628952026367e+00 -1.153952956199645996e+00 -1.074984818696975708e-01
2.221842288970947266e+00 -1.156332612037658691e+00 -1.111610680818557739e-01
2.224606275558471680e+00 -1.159201502799987793e+00 -1.141882687807083130e-01
2.226758480072021484e+00 -1.162572979927062988e+00 -1.165846139192581177e-01
2.228221178054809570e+00 -1.166457295417785645e+00 -1.183660775423049927e-01
2.228917121887207031e+00 -1.170861840248107910e+00 -1.195536404848098755e-01
2.228773355484008789e+00 -1.175790309906005859e+00 -1.201766282320022583e-01
2.228318214416503906e+00 -1.180591344833374023e+00 -1.227267533540725708e-01
2.227793931961059570e+00 -1.184930443763732910e+00 -1.285026818513870239e-01
2.226481437683105469e+00 -1.189530730247497559e+00 -1.348164826631546021e-01
2.224350929260253906e+00 -1.194370388984680176e+00 -1.417864114046096802e-01
2.221379280090332031e+00 -1.199425101280212402e+00 -1.495269089937210083e-01
2.222716331481933594e+00 -1.208305358886718750e+00 -1.527729779481887817e-01
2.221381902694702148e+00 -1.201288580894470215e+00 -2.131717950105667114e-01
2.229109764099121094e+00 -1.203953385353088379e+00 -2.620392441749572754e-01
2.240273475646972656e+00 -1.210549235343933105e+00 -3.093915581703186035e-01
2.252770662307739258e+00 -1.218400120735168457e+00 -3.603170514106750488e-01
2.266816139221191406e+00 -1.227735042572021484e+00 -4.148173928260803223e-01
2.281352281570434570e+00 -1.237423658370971680e+00 -4.726665616035461426e-01
2.296355724334716797e+00 -1.247444391250610352e+00 -5.337622761726379395e-01
2.309393882751464844e+00 -1.252107501029968262e+00 -6.067958474159240723e-01
2.318752288818359375e+00 -1.257051706314086914e+00 -6.724985241889953613e-01
2.328050374984741211e+00 -1.262217521667480469e+00 -7.396038174629211426e-01
2.335100889205932617e+00 -1.276914000511169434e+00 -7.709725499153137207e-01
2.350318431854248047e+00 -1.290914773941040039e+00 -8.324676156044006348e-01
2.389103412628173828e+00 -1.309871792793273926e+00 -9.537108540534973145e-01
2.428220987319946289e+00 -1.355186820030212402e+00 -9.912784695625305176e-01
2.482943534851074219e+00 -1.426828980445861816e+00 -9.661577343940734863e-01
2.671320676803588867e+00 -1.791381597518920898e+00 -1.740122586488723755e-01
3.641705036163330078e+00 -3.990844011306762695e+00 4.525632381439208984e+00
3.746929168701171875e+00 -4.557723999023437500e+00 4.492097854614257812e+00
3.857779979705810547e+00 -5.100061416625976562e+00 4.396835803985595703e+00
3.880944252014160156e+00 -5.413863182067871094e+00 4.232387542724609375e+00
3.933362483978271484e+00 -5.728862762451171875e+00 4.091931819915771484e+00
4.035572528839111328e+00 -6.061472415924072266e+00 3.982491493225097656e+00
4.156111240386962891e+00 -6.389030456542968750e+00 3.794599771499633789e+00
4.279192924499511719e+00 -6.710582256317138672e+00 3.604111194610595703e+00
4.403515815734863281e+00 -6.999332427978515625e+00 3.425606250762939453e+00
4.524134159088134766e+00 -7.277282714843750000e+00 3.249406099319458008e+00
4.651578903198242188e+00 -7.560992717742919922e+00 3.090660572052001953e+00
4.780654907226562500e+00 -7.845840454101562500e+00 2.940715551376342773e+00
4.908445358276367188e+00 -8.125198364257812500e+00 2.800044298171997070e+00
5.033332824707031250e+00 -8.395397186279296875e+00 2.669100046157836914e+00
5.154927253723144531e+00 -8.655581474304199219e+00 2.548316955566406250e+00
5.272833824157714844e+00 -8.904904365539550781e+00 2.438104152679443359e+00
5.386626243591308594e+00 -9.142483711242675781e+00 2.338835954666137695e+00
5.495855331420898438e+00 -9.367417335510253906e+00 2.250868558883666992e+00
5.600054264068603516e+00 -9.578781127929687500e+00 2.174542903900146484e+00
5.694809913635253906e+00 -9.770855903625488281e+00 2.128973245620727539e+00
5.783642768859863281e+00 -9.946149826049804688e+00 2.105814933776855469e+00
5.866880893707275391e+00 -1.010493755340576172e+01 2.099459648132324219e+00
5.942896842956542969e+00 -1.024672031402587891e+01 2.101471185684204102e+00
6.011140823364257812e+00 -1.037048435211181641e+01 2.111930131912231445e+00
6.071005821228027344e+00 -1.047503852844238281e+01 2.131622314453125000e+00
6.121767997741699219e+00 -1.055882549285888672e+01 2.162766218185424805e+00
6.163153648376464844e+00 -1.062176799774169922e+01 2.201882600784301758e+00
6.194638252258300781e+00 -1.066295528411865234e+01 2.248868942260742188e+00
6.215725421905517578e+00 -1.068154621124267578e+01 2.303595781326293945e+00
6.225960731506347656e+00 -1.067679119110107422e+01 2.365881204605102539e+00
6.226480960845947266e+00 -1.064737129211425781e+01 2.447472095489501953e+00
6.216300010681152344e+00 -1.059308338165283203e+01 2.543044567108154297e+00
6.194647312164306641e+00 -1.051383972167968750e+01 2.648245096206665039e+00
6.163677215576171875e+00 -1.041479682922363281e+01 2.762598752975463867e+00
6.124484062194824219e+00 -1.029851818084716797e+01 2.887379884719848633e+00
6.073388099670410156e+00 -1.015666961669921875e+01 3.024851799011230469e+00
6.011006355285644531e+00 -9.991254806518554688e+00 3.170650243759155273e+00
5.937595844268798828e+00 -9.803102493286132812e+00 3.323820829391479492e+00
5.853547096252441406e+00 -9.593329429626464844e+00 3.483277797698974609e+00
5.759400367736816406e+00 -9.363368034362792969e+00 3.647801876068115234e+00
5.655829906463623047e+00 -9.114941596984863281e+00 3.816050052642822266e+00
5.542715072631835938e+00 -8.848925590515136719e+00 3.991083860397338867e+00
5.416437149047851562e+00 -8.562064170837402344e+00 4.193311691284179688e+00
5.283228874206542969e+00 -8.263182640075683594e+00 4.396399974822998047e+00
5.152981758117675781e+00 -7.978458404541015625e+00 4.548440933227539062e+00
5.022609710693359375e+00 -7.698919296264648438e+00 4.673180580139160156e+00
4.886682033538818359e+00 -7.420525550842285156e+00 4.733216762542724609e+00
4.742813110351562500e+00 -7.132669448852539062e+00 4.735908985137939453e+00
4.586147785186767578e+00 -6.822544097900390625e+00 4.740488529205322266e+00
4.465362548828125000e+00 -6.493471145629882812e+00 4.801296710968017578e+00
4.369488239288330078e+00 -6.060729503631591797e+00 4.830308437347412109e+00
4.218576431274414062e+00 -5.571958541870117188e+00 4.796682357788085938e+00
4.073568344116210938e+00 -5.114715576171875000e+00 4.762410640716552734e+00
3.939455986022949219e+00 -4.676336765289306641e+00 4.740227699279785156e+00
3.788612842559814453e+00 -4.162571430206298828e+00 4.657867431640625000e+00
3.343158006668090820e+00 -3.005995512008666992e+00 2.403585433959960938e+00
3.077711105346679688e+00 -2.443436145782470703e+00 1.201295018196105957e+00
3.030030250549316406e+00 -2.409870862960815430e+00 1.208826184272766113e+00
2.988626956939697266e+00 -2.384685039520263672e+00 1.227839350700378418e+00
2.953839302062988281e+00 -2.367946863174438477e+00 1.257755160331726074e+00
2.925909280776977539e+00 -2.359600067138671875e+00 1.297825694084167480e+00
2.904983758926391602e+00 -2.359471797943115234e+00 1.347166419029235840e+00
2.893347501754760742e+00 -2.368897199630737305e+00 1.405488848686218262e+00
2.889084815979003906e+00 -2.386128425598144531e+00 1.471063256263732910e+00
2.889644145965576172e+00 -2.408929109573364258e+00 1.541904091835021973e+00
2.945258140563964844e+00 -2.560579061508178711e+00 1.901502251625061035e+00
3.313193321228027344e+00 -3.556724786758422852e+00 4.314504623413085938e+00
3.410510063171386719e+00 -3.942984819412231445e+00 4.476053714752197266e+00
3.473080635070800781e+00 -4.238427639007568359e+00 4.470337390899658203e+00
3.545666217803955078e+00 -4.551490783691406250e+00 4.471781253814697266e+00
3.614127397537231445e+00 -4.864203929901123047e+00 4.467875957489013672e+00
3.655971050262451172e+00 -5.156727790832519531e+00 4.435182571411132812e+00
3.717306137084960938e+00 -5.426791191101074219e+00 4.372592449188232422e+00
3.806582927703857422e+00 -5.661662101745605469e+00 4.332271575927734375e+00
3.918902873992919922e+00 -5.885985374450683594e+00 4.321094989776611328e+00
4.033066272735595703e+00 -6.111485004425048828e+00 4.313103199005126953e+00
4.147816181182861328e+00 -6.335721015930175781e+00 4.308380603790283203e+00
4.261457443237304688e+00 -6.557863235473632812e+00 4.292043209075927734e+00
4.370335578918457031e+00 -6.774543762207031250e+00 4.231200218200683594e+00
4.475313186645507812e+00 -6.979643821716308594e+00 4.174805164337158203e+00
4.577262401580810547e+00 -7.176059722900390625e+00 4.127294540405273438e+00
4.670467853546142578e+00 -7.352281570434570312e+00 4.094119071960449219e+00
4.755378723144531250e+00 -7.511499404907226562e+00 4.059310913085937500e+00
4.836648464202880859e+00 -7.661396980285644531e+00 4.032466411590576172e+00
4.913532257080078125e+00 -7.800458908081054688e+00 4.015411376953125000e+00
4.985768318176269531e+00 -7.928443431854248047e+00 4.007491111755371094e+00
5.053165435791015625e+00 -8.045251846313476562e+00 4.007946014404296875e+00
5.115590095520019531e+00 -8.150911331176757812e+00 4.015942573547363281e+00
5.172961711883544922e+00 -8.245543479919433594e+00 4.030602455139160156e+00
5.225231170654296875e+00 -8.329335212707519531e+00 4.051014900207519531e+00
5.272379875183105469e+00 -8.402511596679687500e+00 4.076279640197753906e+00
5.314404964447021484e+00 -8.465315818786621094e+00 4.105517387390136719e+00
5.351305961608886719e+00 -8.517975807189941406e+00 4.137897491455078125e+00
5.383084297180175781e+00 -8.560694694519042969e+00 4.172657012939453125e+00
5.409721374511718750e+00 -8.593618392944335938e+00 4.209106445312500000e+00
5.431186199188232422e+00 -8.616829872131347656e+00 4.246658802032470703e+00
5.447422981262207031e+00 -8.630339622497558594e+00 4.284826755523681641e+00
5.458347320556640625e+00 -8.634074211120605469e+00 4.323232173919677734e+00
5.463848114013671875e+00 -8.627869606018066406e+00 4.361617565155029297e+00
