-1.000674962997436523e+00 -1.061980605125427246e+00 1.764860868453979492e+00
-9.924271106719970703e-01 -1.050267934799194336e+00 1.748978853225708008e+00
-9.845746755599975586e-01 -1.039082884788513184e+00 1.733841776847839355e+00
-9.775044918060302734e-01 -1.029142975807189941e+00 1.720276474952697754e+00
-9.709558486938476562e-01 -1.020026445388793945e+00 1.707755923271179199e+00
-9.646362066268920898e-01 -1.011255145072937012e+00 1.695685982704162598e+00
-9.584999680519104004e-01 -1.002783775329589844e+00 1.683988571166992188e+00
-9.525044560432434082e-01 -9.945704936981201172e-01 1.672590613365173340e+00
-9.476264715194702148e-01 -9.877429008483886719e-01 1.663246154785156250e+00
-9.448238015174865723e-01 -9.834066629409790039e-01 1.657675504684448242e+00
-9.417614936828613281e-01 -9.788893461227416992e-01 1.651696443557739258e+00
-9.384226799011230469e-01 -9.741784334182739258e-01 1.645282149314880371e+00
-9.347974061965942383e-01 -9.692696332931518555e-01 1.638418197631835938e+00
-9.308832287788391113e-01 -9.641673564910888672e-01 1.631103873252868652e+00
-9.266837835311889648e-01 -9.588836431503295898e-01 1.623349428176879883e+00
-9.222113490104675293e-01 -9.534407258033752441e-01 1.615180850028991699e+00
-9.161798357963562012e-01 -9.466262459754943848e-01 1.604421496391296387e+00
-9.092195034027099609e-01 -9.390538334846496582e-01 1.592147707939147949e+00
-9.020833373069763184e-01 -9.314552545547485352e-01 1.579644322395324707e+00
-8.948728442192077637e-01 -9.239443540573120117e-01 1.567092299461364746e+00
-8.897546529769897461e-01 -9.186568260192871094e-01 1.558203935623168945e+00
-8.848261833190917969e-01 -9.137459397315979004e-01 1.549733161926269531e+00
-8.801585435867309570e-01 -9.092966318130493164e-01 1.541809320449829102e+00
-8.758245706558227539e-01 -9.053949713706970215e-01 1.534563899040222168e+00
-8.718963265419006348e-01 -9.021255970001220703e-01 1.528127193450927734e+00
-8.684451580047607422e-01 -8.995710015296936035e-01 1.522627353668212891e+00
-8.710842728614807129e-01 -9.037922024726867676e-01 1.527940392494201660e+00
-8.745980858802795410e-01 -9.093792438507080078e-01 1.534998178482055664e+00
-8.763618469238281250e-01 -9.136919379234313965e-01 1.539277195930480957e+00
-8.789566159248352051e-01 -9.191899895668029785e-01 1.545158982276916504e+00
-8.828490972518920898e-01 -9.263219833374023438e-01 1.553437829017639160e+00
-8.882601261138916016e-01 -9.352949857711791992e-01 1.564486503601074219e+00
-8.943069577217102051e-01 -9.452463984489440918e-01 1.576796531677246094e+00
-9.009501338005065918e-01 -9.561229348182678223e-01 1.590292930603027344e+00
-9.081405401229858398e-01 -9.678579568862915039e-01 1.604882836341857910e+00
-9.158201217651367188e-01 -9.804143905639648438e-01 1.620476603507995605e+00
-9.239184260368347168e-01 -9.941793680191040039e-01 1.637176394462585449e+00
-9.361767768859863281e-01 -1.012132525444030762e+00 1.651807308197021484e+00
-9.559928774833679199e-01 -1.038287401199340820e+00 1.661623358726501465e+00
-9.824343323707580566e-01 -1.071441292762756348e+00 1.680308938026428223e+00
-1.012573003768920898e+00 -1.108540177345275879e+00 1.703760385513305664e+00
-1.043475389480590820e+00 -1.146522402763366699e+00 1.727869033813476562e+00
-1.074960112571716309e+00 -1.185164332389831543e+00 1.752460241317749023e+00
-1.104323148727416992e+00 -1.221841692924499512e+00 1.780096411705017090e+00
-1.135818839073181152e+00 -1.260861396789550781e+00 1.815709590911865234e+00
-2.481238603591918945e+00 -2.637085914611816406e+00 4.257518291473388672e+00
-2.722361087799072266e+00 -2.892881155014038086e+00 4.512431144714355469e+00
-2.856650114059448242e+00 -3.039172410964965820e+00 4.547421932220458984e+00
-2.989159107208251953e+00 -3.183465957641601562e+00 4.579337596893310547e+00
-3.122608423233032227e+00 -3.328650951385498047e+00 4.613525390625000000e+00
-3.256222486495971680e+00 -3.473885536193847656e+00 4.649576187133789062e+00
-3.385616540908813477e+00 -3.614477157592773438e+00 4.681131362915039062e+00
-3.505306959152221680e+00 -3.761681318283081055e+00 4.723403453826904297e+00
-3.619396209716796875e+00 -3.903232812881469727e+00 4.761273384094238281e+00
-3.727610588073730469e+00 -4.037844181060791016e+00 4.793777942657470703e+00
-3.899133443832397461e+00 -4.238214492797851562e+00 4.938594341278076172e+00
-4.097606658935546875e+00 -4.465569019317626953e+00 5.132274627685546875e+00
-4.276169300079345703e+00 -4.671977043151855469e+00 5.315819263458251953e+00
-4.442267417907714844e+00 -4.863933086395263672e+00 5.482950210571289062e+00
-4.595005035400390625e+00 -5.040391921997070312e+00 5.632513523101806641e+00
-4.733563899993896484e+00 -5.200396537780761719e+00 5.763471603393554688e+00
-4.856485843658447266e+00 -5.343005657196044922e+00 5.877413272857666016e+00
-4.963417530059814453e+00 -5.467459678649902344e+00 5.972374916076660156e+00
-5.054245471954345703e+00 -5.573109626770019531e+00 6.045949459075927734e+00
-5.128487586975097656e+00 -5.659378528594970703e+00 6.097544193267822266e+00
-5.185760021209716797e+00 -5.725804805755615234e+00 6.126718044281005859e+00
-5.225794315338134766e+00 -5.772062778472900391e+00 6.133198261260986328e+00
-5.248442173004150391e+00 -5.797967433929443359e+00 6.116891384124755859e+00
-5.253682613372802734e+00 -5.803483963012695312e+00 6.077885627746582031e+00
-5.241641521453857422e+00 -5.788749694824218750e+00 6.016485691070556641e+00
-5.212589263916015625e+00 -5.754073143005371094e+00 5.933204650878906250e+00
-5.166955947875976562e+00 -5.699949264526367188e+00 5.828777790069580078e+00
-5.105342388153076172e+00 -5.627074241638183594e+00 5.704174518585205078e+00
-5.030493259429931641e+00 -5.538273811340332031e+00 5.563005924224853516e+00
-4.941446781158447266e+00 -5.432784080505371094e+00 5.404387474060058594e+00
-4.838641643524169922e+00 -5.311244487762451172e+00 5.229163169860839844e+00
-4.723361015319824219e+00 -5.175153255462646484e+00 5.039213180541992188e+00
-4.598359107971191406e+00 -5.028185367584228516e+00 4.856536388397216797e+00
-4.466670036315917969e+00 -4.874386310577392578e+00 4.705250740051269531e+00
-4.367057800292968750e+00 -4.755305290222167969e+00 4.647065162658691406e+00
-4.268968105316162109e+00 -4.638329029083251953e+00 4.607895851135253906e+00
-4.163965702056884766e+00 -4.515001296997070312e+00 4.568348884582519531e+00
-4.047030448913574219e+00 -4.379762172698974609e+00 4.513700008392333984e+00
-3.932608604431152344e+00 -4.247129440307617188e+00 4.466420650482177734e+00
-3.820179462432861328e+00 -4.116781234741210938e+00 4.422510147094726562e+00
-3.711124420166015625e+00 -3.990329980850219727e+00 4.382117748260498047e+00
-3.606931924819946289e+00 -3.869491100311279297e+00 4.345672607421875000e+00
-3.547950744628906250e+00 -3.794534921646118164e+00 4.342397689819335938e+00
-3.504041671752929688e+00 -3.741903781890869141e+00 4.356228828430175781e+00
-3.463844537734985352e+00 -3.698714017868041992e+00 4.376021862030029297e+00
-3.429276943206787109e+00 -3.661637067794799805e+00 4.396416187286376953e+00
-3.400618314743041992e+00 -3.630969047546386719e+00 4.416855812072753906e+00
-3.378024816513061523e+00 -3.606871366500854492e+00 4.436764717102050781e+00
-3.361525774002075195e+00 -3.589368581771850586e+00 4.455559730529785156e+00
-3.351021289825439453e+00 -3.578343868255615234e+00 4.472654819488525391e+00
-3.346280336380004883e+00 -3.573539495468139648e+00 4.487481117248535156e+00
-3.346950769424438477e+00 -3.574565887451171875e+00 4.499498844146728516e+00
-3.352561473846435547e+00 -3.580905199050903320e+00 4.508203506469726562e+00
-3.362538576126098633e+00 -3.591928958892822266e+00 4.513148784637451172e+00
-3.376209974288940430e+00 -3.606902837753295898e+00 4.513946533203125000e+00
-3.392823934555053711e+00 -3.625006914138793945e+00 4.510277271270751953e+00
-3.411568641662597656e+00 -3.645357131958007812e+00 4.501905918121337891e+00
-3.431586742401123047e+00 -3.667021274566650391e+00 4.488682270050048828e+00
-3.451992750167846680e+00 -3.689037799835205078e+00 4.470544338226318359e+00
-3.471899509429931641e+00 -3.710444927215576172e+00 4.447523117065429688e+00
-3.490429162979125977e+00 -3.730291604995727539e+00 4.419738292694091797e+00
-3.506745338439941406e+00 -3.747672796249389648e+00 4.387408256530761719e+00
-3.520056247711181641e+00 -3.761734247207641602e+00 4.350825309753417969e+00
-3.529649734497070312e+00 -3.771708011627197266e+00 4.310373783111572266e+00
-3.534896612167358398e+00 -3.776917457580566406e+00 4.266505241394042969e+00
-3.558117389678955078e+00 -3.800613164901733398e+00 4.237963676452636719e+00
-3.577315568923950195e+00 -3.822714328765869141e+00 4.211339950561523438e+00
-3.587750196456909180e+00 -3.834779739379882812e+00 4.179725646972656250e+00
-3.588812589645385742e+00 -3.836110830307006836e+00 4.143330574035644531e+00
-3.580120325088500977e+00 -3.826268196105957031e+00 4.102468490600585938e+00
-3.561532974243164062e+00 -3.805091381072998047e+00 4.057567596435546875e+00
-3.533147335052490234e+00 -3.772694587707519531e+00 4.009154319763183594e+00
-3.495303392410278320e+00 -3.729468822479248047e+00 3.957844495773315430e+00
-3.449588060379028320e+00 -3.677109241485595703e+00 3.906546831130981445e+00
-3.398212909698486328e+00 -3.617974758148193359e+00 3.859110116958618164e+00
-3.339213609695434570e+00 -3.550448179244995117e+00 3.810312271118164062e+00
-3.272372961044311523e+00 -3.479140281677246094e+00 3.765164375305175781e+00
-3.200226545333862305e+00 -3.402431726455688477e+00 3.720443964004516602e+00
-3.124229669570922852e+00 -3.321854114532470703e+00 3.676815986633300781e+00
-3.058177471160888672e+00 -3.251186847686767578e+00 3.644005537033081055e+00
-3.006958723068237305e+00 -3.195371150970458984e+00 3.625065326690673828e+00
-2.957117080688476562e+00 -3.141138792037963867e+00 3.609385251998901367e+00
-2.909580469131469727e+00 -3.089493989944458008e+00 3.596976280212402344e+00
-2.865238904953002930e+00 -3.041399002075195312e+00 3.587795019149780273e+00
-2.824922561645507812e+00 -2.997749090194702148e+00 3.581739902496337891e+00
-2.789389371871948242e+00 -2.959361076354980469e+00 3.578660726547241211e+00
-2.759308576583862305e+00 -2.926953315734863281e+00 3.578359842300415039e+00
-2.735245466232299805e+00 -2.901130199432373047e+00 3.580596208572387695e+00
-2.717654228210449219e+00 -2.882375717163085938e+00 3.585094690322875977e+00
-2.709062576293945312e+00 -2.873346805572509766e+00 3.595175504684448242e+00
-2.710539340972900391e+00 -2.875163793563842773e+00 3.611931324005126953e+00
-2.719206333160400391e+00 -2.884795188903808594e+00 3.630118131637573242e+00
-2.734921693801879883e+00 -2.902081251144409180e+00 3.649217844009399414e+00
-2.757425785064697266e+00 -2.926733493804931641e+00 3.668716669082641602e+00
-2.786349534988403320e+00 -2.958345651626586914e+00 3.688116312026977539e+00
-2.821222305297851562e+00 -2.996401786804199219e+00 3.706941366195678711e+00
-2.861485719680786133e+00 -3.040290832519531250e+00 3.724753379821777344e+00
-2.906497955322265625e+00 -3.089312791824340820e+00 3.741142988204956055e+00
-2.955556631088256836e+00 -3.142701148986816406e+00 3.755750894546508789e+00
-3.007902383804321289e+00 -3.199629783630371094e+00 3.768263816833496094e+00
-3.062737941741943359e+00 -3.259230852127075195e+00 3.778418302536010742e+00
-3.126174449920654297e+00 -3.327492713928222656e+00 3.791145086288452148e+00
-3.223778724670410156e+00 -3.436616659164428711e+00 3.833692550659179688e+00
-3.321718931198120117e+00 -3.549172163009643555e+00 3.877217292785644531e+00
-3.419454336166381836e+00 -3.661394119262695312e+00 3.918306589126586914e+00
-3.515588283538818359e+00 -3.771681308746337891e+00 3.956366062164306641e+00
-3.608753681182861328e+00 -3.878468275070190430e+00 3.990846872329711914e+00
-3.697627544403076172e+00 -3.980241537094116211e+00 4.021257877349853516e+00
-3.780948400497436523e+00 -4.075561046600341797e+00 4.047164440155029297e+00
-3.857532024383544922e+00 -4.163074016571044922e+00 4.068203449249267578e+00
-3.921674966812133789e+00 -4.236964225769042969e+00 4.076573848724365234e+00
-3.974249601364135742e+00 -4.298234462738037109e+00 4.076724052429199219e+00
-4.017746448516845703e+00 -4.349425315856933594e+00 4.075133323669433594e+00
-4.052127838134765625e+00 -4.389782905578613281e+00 4.069417476654052734e+00
-4.076802253723144531e+00 -4.418623447418212891e+00 4.059603214263916016e+00
-4.091290473937988281e+00 -4.435393333435058594e+00 4.045766353607177734e+00
-4.095222473144531250e+00 -4.439671039581298828e+00 4.028024673461914062e+00
-4.089268207550048828e+00 -4.432578086853027344e+00 4.008941173553466797e+00
-4.071956157684326172e+00 -4.411942481994628906e+00 3.985270738601684570e+00
-4.043237686157226562e+00 -4.377716541290283203e+00 3.957194566726684570e+00
-4.005513191223144531e+00 -4.332156658172607422e+00 3.929729700088500977e+00
-3.957536458969116211e+00 -4.274426937103271484e+00 3.900429010391235352e+00
-3.899350881576538086e+00 -4.205066680908203125e+00 3.869517803192138672e+00
-3.822261333465576172e+00 -4.115154743194580078e+00 3.821954965591430664e+00
-3.733271360397338867e+00 -4.012736797332763672e+00 3.774361848831176758e+00
-3.633994102478027344e+00 -3.898660421371459961e+00 3.723712205886840820e+00
-3.525186777114868164e+00 -3.773806571960449219e+00 3.670428991317749023e+00
-3.407687187194824219e+00 -3.639144420623779297e+00 3.614947080612182617e+00
-3.282405376434326172e+00 -3.495724916458129883e+00 3.557718753814697266e+00
-3.150313138961791992e+00 -3.344667196273803711e+00 3.499193668365478516e+00
-3.011669397354125977e+00 -3.189002275466918945e+00 3.442226648330688477e+00
-2.865300893783569336e+00 -3.035422325134277344e+00 3.394341707229614258e+00
-2.768631935119628906e+00 -2.931016206741333008e+00 3.386330604553222656e+00
-2.680324792861938477e+00 -2.834814786911010742e+00 3.387058019638061523e+00
-2.591352224349975586e+00 -2.737917184829711914e+00 3.389328002929687500e+00
-2.502316951751708984e+00 -2.640979766845703125e+00 3.393085241317749023e+00
-2.413798570632934570e+00 -2.544633150100708008e+00 3.398261070251464844e+00
-2.326348066329956055e+00 -2.449476242065429688e+00 3.404778480529785156e+00
-2.240480661392211914e+00 -2.356069564819335938e+00 3.412553071975708008e+00
-1.971598863601684570e+00 -2.081096887588500977e+00 3.112880468368530273e+00
-1.297054171562194824e+00 -1.388530969619750977e+00 1.992943644523620605e+00
-1.272778749465942383e+00 -1.358943223953247070e+00 1.970433592796325684e+00
-1.248379111289978027e+00 -1.329439282417297363e+00 1.947658896446228027e+00
-1.223997831344604492e+00 -1.300181269645690918e+00 1.924748301506042480e+00
-1.199768662452697754e+00 -1.271318435668945312e+00 1.901825904846191406e+00
-1.175818324089050293e+00 -1.242990136146545410e+00 1.879011750221252441e+00
-1.152261495590209961e+00 -1.215319275856018066e+00 1.856416702270507812e+00
-1.129201889038085938e+00 -1.188414573669433594e+00 1.834143877029418945e+00
-1.108604311943054199e+00 -1.164375782012939453e+00 1.812853813171386719e+00
-1.089025616645812988e+00 -1.141649365425109863e+00 1.792169332504272461e+00
-1.070247411727905273e+00 -1.119992136955261230e+00 1.772076606750488281e+00
-1.051607966423034668e+00 -1.098926424980163574e+00 1.752186298370361328e+00
-1.033292412757873535e+00 -1.078580260276794434e+00 1.732647180557250977e+00
-1.015917181968688965e+00 -1.059387445449829102e+00 1.713880538940429688e+00
-9.994748830795288086e-01 -1.041325449943542480e+00 1.695905685424804688e+00
-9.839453101158142090e-01 -1.024357318878173828e+00 1.678730010986328125e+00
-9.692986011505126953e-01 -1.008435010910034180e+00 1.662351965904235840e+00
-9.554945826530456543e-01 -9.934995174407958984e-01 1.646759390830993652e+00
-9.424852132797241211e-01 -9.794830083847045898e-01 1.631931900978088379e+00
-9.302159547805786133e-01 -9.663110971450805664e-01 1.617841720581054688e+00
-9.186272025108337402e-01 -9.539040923118591309e-01 1.604454159736633301e+00
-9.076559543609619141e-01 -9.421793818473815918e-01 1.591729998588562012e+00
-8.997001051902770996e-01 -9.336667060852050781e-01 1.577787637710571289e+00
-8.921275138854980469e-01 -9.255579113960266113e-01 1.564497351646423340e+00
-8.849264383316040039e-01 -9.178488850593566895e-01 1.551860094070434570e+00
-8.806581497192382812e-01 -9.133289456367492676e-01 1.544393777847290039e+00
-8.770032525062561035e-01 -9.093804955482482910e-01 1.537962317466735840e+00
-8.733962774276733398e-01 -9.054455161094665527e-01 1.531596541404724121e+00
-8.698067665100097656e-01 -9.014840722084045410e-01 1.525239229202270508e+00
-8.662075996398925781e-01 -8.974608778953552246e-01 1.518839955329895020e+00
-8.625748157501220703e-01 -8.933456540107727051e-01 1.512354254722595215e+00
-8.588886857032775879e-01 -8.891137838363647461e-01 1.505746006965637207e+00
-8.551344871520996094e-01 -8.847474455833435059e-01 1.498988032341003418e+00
-8.513005971908569336e-01 -8.802335262298583984e-01 1.492059946060180664e+00
-8.473806977272033691e-01 -8.755657672882080078e-01 1.484950661659240723e+00
-8.411265015602111816e-01 -8.686054944992065430e-01 1.473845839500427246e+00
-8.334750533103942871e-01 -8.602480292320251465e-01 1.460336923599243164e+00
-8.258660435676574707e-01 -8.518685102462768555e-01 1.446869730949401855e+00
-8.183159828186035156e-01 -8.434886932373046875e-01 1.433474898338317871e+00
-8.108444809913635254e-01 -8.351345658302307129e-01 1.420189499855041504e+00
-8.034717440605163574e-01 -8.268337845802307129e-01 1.407051801681518555e+00
-7.962201833724975586e-01 -8.186167478561401367e-01 1.394104361534118652e+00
-7.891119122505187988e-01 -8.105142116546630859e-01 1.381389260292053223e+00
-7.821682095527648926e-01 -8.025565147399902344e-01 1.368947625160217285e+00
-7.754095792770385742e-01 -7.947733402252197266e-01 1.356819391250610352e+00
-7.688537836074829102e-01 -7.871918082237243652e-01 1.345039486885070801e+00
-7.625169754028320312e-01 -7.798368930816650391e-01 1.333640098571777344e+00
-7.564117908477783203e-01 -7.727301716804504395e-01 1.322647333145141602e+00
-7.505477070808410645e-01 -7.658891081809997559e-01 1.312081217765808105e+00
-7.449311017990112305e-01 -7.593277096748352051e-01 1.301956772804260254e+00
-7.395642995834350586e-01 -7.530549764633178711e-01 1.292281031608581543e+00
-7.344471812248229980e-01 -7.470765709877014160e-01 1.283056616783142090e+00
-7.302715778350830078e-01 -7.421444058418273926e-01 1.275503277778625488e+00
-7.263835072517395020e-01 -7.375570535659790039e-01 1.268472433090209961e+00
-7.225276827812194824e-01 -7.330427169799804688e-01 1.261517167091369629e+00
-7.187066674232482910e-01 -7.286069393157958984e-01 1.254642963409423828e+00
-7.149227857589721680e-01 -7.242542505264282227e-01 1.247855305671691895e+00
-7.109333276748657227e-01 -7.196600437164306641e-01 1.240696191787719727e+00
-7.058616280555725098e-01 -7.136514186859130859e-01 1.231513023376464844e+00
-7.008448243141174316e-01 -7.077486515045166016e-01 1.222449183464050293e+00
-6.958846449851989746e-01 -7.019523382186889648e-01 1.213507056236267090e+00
-6.909821629524230957e-01 -6.962619423866271973e-01 1.204687833786010742e+00
-6.862971782684326172e-01 -6.908268332481384277e-01 1.196261167526245117e+00
-6.828970909118652344e-01 -6.866566538810729980e-01 1.190035462379455566e+00
-6.796161532402038574e-01 -6.826552748680114746e-01 1.184038877487182617e+00
-6.767157316207885742e-01 -6.791317462921142578e-01 1.178744554519653320e+00
-6.739135384559631348e-01 -6.757460832595825195e-01 1.173638463020324707e+00
-6.712084412574768066e-01 -6.724941730499267578e-01 1.168717503547668457e+00
-6.686003208160400391e-01 -6.693732738494873047e-01 1.163980007171630859e+00
-6.660901308059692383e-01 -6.663820743560791016e-01 1.159426331520080566e+00
-6.636801958084106445e-01 -6.635213494300842285e-01 1.155060052871704102e+00
-6.613732576370239258e-01 -6.607926487922668457e-01 1.150885105133056641e+00
-6.591734290122985840e-01 -6.581996679306030273e-01 1.146908402442932129e+00
-6.570852398872375488e-01 -6.557469367980957031e-01 1.143137693405151367e+00
-6.551139950752258301e-01 -6.534405350685119629e-01 1.139582633972167969e+00
-6.532654762268066406e-01 -6.512873768806457520e-01 1.136253476142883301e+00
-6.515452861785888672e-01 -6.492947936058044434e-01 1.133161067962646484e+00
-6.499599814414978027e-01 -6.474715471267700195e-01 1.130317330360412598e+00
-6.485146284103393555e-01 -6.458250284194946289e-01 1.127732396125793457e+00
-6.472144722938537598e-01 -6.443632245063781738e-01 1.125416636466979980e+00
-6.460639238357543945e-01 -6.430933475494384766e-01 1.123378872871398926e+00
-6.450663805007934570e-01 -6.420214176177978516e-01 1.121626377105712891e+00
-6.442242860794067383e-01 -6.411526203155517578e-01 1.120164513587951660e+00
-6.435379385948181152e-01 -6.404895782470703125e-01 1.118995070457458496e+00
-6.430068016052246094e-01 -6.400336027145385742e-01 1.118117928504943848e+00
-6.426283121109008789e-01 -6.397836804389953613e-01 1.117529511451721191e+00
-6.420001387596130371e-01 -6.401190757751464844e-01 1.116919279098510742e+00
-6.413614153861999512e-01 -6.407971382141113281e-01 1.116463303565979004e+00
-6.408264636993408203e-01 -6.416907906532287598e-01 1.116240501403808594e+00
-6.403855681419372559e-01 -6.427871584892272949e-01 1.116232633590698242e+00
-6.400280594825744629e-01 -6.440705657005310059e-01 1.116418719291687012e+00
-6.397413015365600586e-01 -6.455222368240356445e-01 1.116774320602416992e+00
-6.395341753959655762e-01 -6.471665501594543457e-01 1.117321968078613281e+00
-6.345340013504028320e-01 -6.440325379371643066e-01 1.109630584716796875e+00
-6.664511561393737793e-01 -7.506818175315856934e-01 9.581523537635803223e-01
-7.070215344429016113e-01 -8.842170238494873047e-01 7.681628465652465820e-01
-7.268968820571899414e-01 -9.459062814712524414e-01 6.883152127265930176e-01
-7.401890754699707031e-01 -9.746707677841186523e-01 6.757324337959289551e-01
-7.534287571907043457e-01 -1.003467917442321777e+00 6.633476614952087402e-01
-7.670066952705383301e-01 -1.032710433006286621e+00 6.512034535408020020e-01
-7.849341630935668945e-01 -1.067393660545349121e+00 6.417964696884155273e-01
-8.027426004409790039e-01 -1.101804494857788086e+00 6.325743794441223145e-01
-8.203307986259460449e-01 -1.135748267173767090e+00 6.235770583152770996e-01
-8.376022577285766602e-01 -1.169040322303771973e+00 6.148396134376525879e-01
-8.577288389205932617e-01 -1.206947684288024902e+00 6.070808172225952148e-01
-8.817338347434997559e-01 -1.250483036041259766e+00 6.026913523674011230e-01
-9.045903682708740234e-01 -1.294200062751770020e+00 5.950447320938110352e-01
-9.264907836914062500e-01 -1.336244106292724609e+00 5.874803662300109863e-01
-9.473726749420166016e-01 -1.376325726509094238e+00 5.802657604217529297e-01
-9.672393798828125000e-01 -1.414280772209167480e+00 5.736798048019409180e-01
-9.862191677093505859e-01 -1.449921131134033203e+00 5.684119462966918945e-01
-1.004005551338195801e+00 -1.483315944671630859e+00 5.634295940399169922e-01
-1.020576238632202148e+00 -1.514431118965148926e+00 5.587153434753417969e-01
-1.035925984382629395e+00 -1.543264031410217285e+00 5.542517900466918945e-01
-1.050066590309143066e+00 -1.569842696189880371e+00 5.500186085700988770e-01
-1.063024878501892090e+00 -1.594223022460937500e+00 5.459969043731689453e-01
-1.074843287467956543e+00 -1.616488099098205566e+00 5.421673655509948730e-01
-1.085577964782714844e+00 -1.636745572090148926e+00 5.385109186172485352e-01
-1.095298290252685547e+00 -1.655126333236694336e+00 5.350112915039062500e-01
-1.104084014892578125e+00 -1.671779036521911621e+00 5.316530466079711914e-01
-1.112025141716003418e+00 -1.686869740486145020e+00 5.284233093261718750e-01
-1.119219183921813965e+00 -1.700578093528747559e+00 5.253111124038696289e-01
-1.125769495964050293e+00 -1.713092684745788574e+00 5.223070979118347168e-01
-1.131783962249755859e+00 -1.724609136581420898e+00 5.194050073623657227e-01
-1.137372493743896484e+00 -1.735327005386352539e+00 5.166002511978149414e-01
-1.142645239830017090e+00 -1.745445132255554199e+00 5.138890743255615234e-01
-1.147711157798767090e+00 -1.755159735679626465e+00 5.112695097923278809e-01
-1.152675986289978027e+00 -1.764660596847534180e+00 5.087410807609558105e-01
-1.157640337944030762e+00 -1.774129509925842285e+00 5.063028335571289062e-01
-1.162744045257568359e+00 -1.783686995506286621e+00 5.040105581283569336e-01
-1.168038010597229004e+00 -1.793526649475097656e+00 5.018197894096374512e-01
-1.173588275909423828e+00 -1.803799748420715332e+00 4.997159838676452637e-01
-1.179461836814880371e+00 -1.814628481864929199e+00 4.976958036422729492e-01
-1.185714602470397949e+00 -1.826114535331726074e+00 4.957567453384399414e-01
-1.192186951637268066e+00 -1.837721467018127441e+00 4.947602748870849609e-01
-1.199036955833435059e+00 -1.849892258644104004e+00 4.941652417182922363e-01
-1.206357598304748535e+00 -1.862888455390930176e+00 4.936521053314208984e-01
-1.214155793190002441e+00 -1.876726984977722168e+00 4.932121038436889648e-01
-1.222426056861877441e+00 -1.891403079032897949e+00 4.928346872329711914e-01
-1.231151700019836426e+00 -1.906892657279968262e+00 4.925083518028259277e-01
-1.240304231643676758e+00 -1.923151135444641113e+00 4.922192692756652832e-01
-1.249845385551452637e+00 -1.940116405487060547e+00 4.919519424438476562e-01
-1.259727835655212402e+00 -1.957710385322570801e+00 4.916913509368896484e-01
-1.269895672798156738e+00 -1.975840449333190918e+00 4.914209246635437012e-01
-1.280287384986877441e+00 -1.994402050971984863e+00 4.911237955093383789e-01
-1.290834903717041016e+00 -2.013281106948852539e+00 4.907840490341186523e-01
-1.301468253135681152e+00 -2.032357454299926758e+00 4.903856515884399414e-01
-1.312114000320434570e+00 -2.051505565643310547e+00 4.899137020111083984e-01
-1.322699189186096191e+00 -2.070599079132080078e+00 4.893552660942077637e-01
-1.333151459693908691e+00 -2.089512586593627930e+00 4.886977076530456543e-01
-1.343400955200195312e+00 -2.108124494552612305e+00 4.879310727119445801e-01
-1.353382468223571777e+00 -2.126319408416748047e+00 4.870474934577941895e-01
-1.363034367561340332e+00 -2.143988847732543945e+00 4.860410094261169434e-01
-1.372302651405334473e+00 -2.161035776138305664e+00 4.849081635475158691e-01
-1.381139516830444336e+00 -2.177373647689819336e+00 4.836481213569641113e-01
-1.389504432678222656e+00 -2.192928552627563477e+00 4.822614789009094238e-01
-1.397366166114807129e+00 -2.207640886306762695e+00 4.807533621788024902e-01
-1.404700875282287598e+00 -2.221464872360229492e+00 4.791294932365417480e-01
-1.411493659019470215e+00 -2.234368562698364258e+00 4.773982167243957520e-01
-1.417737841606140137e+00 -2.246335029602050781e+00 4.755702614784240723e-01
-1.423435330390930176e+00 -2.257361173629760742e+00 4.736586213111877441e-01
-1.428596138954162598e+00 -2.267457485198974609e+00 4.716777205467224121e-01
-1.433237195014953613e+00 -2.276647329330444336e+00 4.696432948112487793e-01
-1.437382459640502930e+00 -2.284965038299560547e+00 4.675733447074890137e-01
-1.441062569618225098e+00 -2.292456865310668945e+00 4.654867053031921387e-01
-1.444312930107116699e+00 -2.299177408218383789e+00 4.634028077125549316e-01
-1.447173595428466797e+00 -2.305189847946166992e+00 4.613416790962219238e-01
-1.449688792228698730e+00 -2.310563325881958008e+00 4.593241810798645020e-01
-1.451904892921447754e+00 -2.315372705459594727e+00 4.573697447776794434e-01
-1.453870296478271484e+00 -2.319695234298706055e+00 4.554993510246276855e-01
-1.455634236335754395e+00 -2.323611259460449219e+00 4.537310004234313965e-01
-1.457245469093322754e+00 -2.327199935913085938e+00 4.520823359489440918e-01
-1.458751440048217773e+00 -2.330539464950561523e+00 4.505706429481506348e-01
-1.460198521614074707e+00 -2.333706617355346680e+00 4.492089152336120605e-01
-1.461628794670104980e+00 -2.336771488189697266e+00 4.480099081993103027e-01
-1.463082075119018555e+00 -2.339801073074340820e+00 4.469838738441467285e-01
-1.464592695236206055e+00 -2.342853784561157227e+00 4.461379647254943848e-01
-1.466190814971923828e+00 -2.345982313156127930e+00 4.454765915870666504e-01
-1.467900753021240234e+00 -2.349229097366333008e+00 4.450023770332336426e-01
-1.469613909721374512e+00 -2.352360963821411133e+00 4.448660016059875488e-01
-1.471409440040588379e+00 -2.355542182922363281e+00 4.449849724769592285e-01
-1.473366618156433105e+00 -2.358939647674560547e+00 4.452671408653259277e-01
-1.475486397743225098e+00 -2.362559318542480469e+00 4.457042813301086426e-01
-1.477763652801513672e+00 -2.366397142410278320e+00 4.462848305702209473e-01
-1.480188727378845215e+00 -2.370441675186157227e+00 4.469967484474182129e-01
-1.482746481895446777e+00 -2.374672651290893555e+00 4.478244185447692871e-01
-1.485417246818542480e+00 -2.379062175750732422e+00 4.487509131431579590e-01
-1.488178849220275879e+00 -2.383579015731811523e+00 4.497582316398620605e-01
-1.491004943847656250e+00 -2.388183832168579102e+00 4.508278965950012207e-01
-1.493867158889770508e+00 -2.392835378646850586e+00 4.519390463829040527e-01
-1.496735572814941406e+00 -2.397488117218017578e+00 4.530721306800842285e-01
-1.499580264091491699e+00 -2.402098417282104492e+00 4.542055726051330566e-01
-1.502370715141296387e+00 -2.406620264053344727e+00 4.553189873695373535e-01
-1.505077838897705078e+00 -2.411010026931762695e+00 4.563922286033630371e-01
-1.507673859596252441e+00 -2.415227174758911133e+00 4.574058651924133301e-01
-1.510133743286132812e+00 -2.419234037399291992e+00 4.583404660224914551e-01
-1.512434363365173340e+00 -2.422997713088989258e+00 4.591786265373229980e-01
-1.514557480812072754e+00 -2.426492452621459961e+00 4.599043726921081543e-01
-1.516487956047058105e+00 -2.429697275161743164e+00 4.605028033256530762e-01
-1.518213868141174316e+00 -2.432596445083618164e+00 4.609609246253967285e-01
-1.519729018211364746e+00 -2.435184717178344727e+00 4.612674117088317871e-01
-1.521030068397521973e+00 -2.437459468841552734e+00 4.614133238792419434e-01
-1.522118449211120605e+00 -2.439426660537719727e+00 4.613918662071228027e-01
-1.522997736930847168e+00 -2.441095829010009766e+00 4.611981511116027832e-01
-1.523676276206970215e+00 -2.442482233047485352e+00 4.608301520347595215e-01
-1.524163603782653809e+00 -2.443604707717895508e+00 4.602882266044616699e-01
-1.524472355842590332e+00 -2.444483995437622070e+00 4.595747590065002441e-01
-1.524615645408630371e+00 -2.445142030715942383e+00 4.586955904960632324e-01
-1.524607777595520020e+00 -2.445601940155029297e+00 4.576577544212341309e-01
-1.524462580680847168e+00 -2.445884227752685547e+00 4.564718604087829590e-01
-1.524193406105041504e+00 -2.446007490158081055e+00 4.551505446434020996e-01
-1.523811936378479004e+00 -2.445986986160278320e+00 4.537081122398376465e-01
-1.523328185081481934e+00 -2.445833683013916016e+00 4.521614909172058105e-01
-1.522750496864318848e+00 -2.445554018020629883e+00 4.505292773246765137e-01
-1.522084116935729980e+00 -2.445149660110473633e+00 4.488303065299987793e-01
-1.521332502365112305e+00 -2.444616556167602539e+00 4.470862746238708496e-01
-1.520496726036071777e+00 -2.443947315216064453e+00 4.453185200691223145e-01
-1.519575119018554688e+00 -2.443129539489746094e+00 4.435492157936096191e-01
-1.518565297126770020e+00 -2.442148447036743164e+00 4.417997002601623535e-01
-1.517462730407714844e+00 -2.440986871719360352e+00 4.400919079780578613e-01
-1.516262888908386230e+00 -2.439627170562744141e+00 4.384462237358093262e-01
-1.514961361885070801e+00 -2.438052415847778320e+00 4.368817210197448730e-01
-1.513553977012634277e+00 -2.436248064041137695e+00 4.354159235954284668e-01
-1.512037873268127441e+00 -2.434201002120971680e+00 4.340638518333435059e-01
-1.510411977767944336e+00 -2.431904554367065430e+00 4.328388571739196777e-01
-1.508677840232849121e+00 -2.429357290267944336e+00 4.317508339881896973e-01
-1.506839632987976074e+00 -2.426561594009399414e+00 4.308084845542907715e-01
-1.504903197288513184e+00 -2.423527479171752930e+00 4.300155043601989746e-01
-1.502878546714782715e+00 -2.420271635055541992e+00 4.293746352195739746e-01
-1.500777840614318848e+00 -2.416816234588623047e+00 4.288850426673889160e-01
-1.498615384101867676e+00 -2.413188695907592773e+00 4.285431504249572754e-01
-1.496408939361572266e+00 -2.409423112869262695e+00 4.283438324928283691e-01
-1.494176030158996582e+00 -2.405554056167602539e+00 4.282793402671813965e-01
-1.491937279701232910e+00 -2.401623010635375977e+00 4.283391833305358887e-01
-1.489713311195373535e+00 -2.397670984268188477e+00 4.285135865211486816e-01
-1.487525343894958496e+00 -2.393741130828857422e+00 4.287893176078796387e-01
-1.485393404960632324e+00 -2.389874458312988281e+00 4.291536211967468262e-01
-1.483251333236694336e+00 -2.385930538177490234e+00 4.296963810920715332e-01
-1.481053233146667480e+00 -2.381812334060668945e+00 4.304804205894470215e-01
-1.478969931602478027e+00 -2.377878904342651367e+00 4.313079714775085449e-01
-1.477019667625427246e+00 -2.374167203903198242e+00 4.321629405021667480e-01
-1.475216507911682129e+00 -2.370708227157592773e+00 4.330294728279113770e-01
-1.473574161529541016e+00 -2.367531061172485352e+00 4.338929057121276855e-01
-1.472102999687194824e+00 -2.364658117294311523e+00 4.347394108772277832e-01
-1.470810770988464355e+00 -2.362107992172241211e+00 4.355550408363342285e-01
-1.469702363014221191e+00 -2.359892368316650391e+00 4.363284707069396973e-01
-1.468781590461730957e+00 -2.358021497726440430e+00 4.370483756065368652e-01
-1.468047857284545898e+00 -2.356497764587402344e+00 4.377046227455139160e-01
-1.467499613761901855e+00 -2.355320930480957031e+00 4.382891058921813965e-01
-1.467132091522216797e+00 -2.354485273361206055e+00 4.387938380241394043e-01
-1.466939091682434082e+00 -2.353981971740722656e+00 4.392130970954895020e-01
-1.466912150382995605e+00 -2.353798389434814453e+00 4.395410418510437012e-01
-1.467040657997131348e+00 -2.353917121887207031e+00 4.397744536399841309e-01
-1.467312455177307129e+00 -2.354318857192993164e+00 4.399093985557556152e-01
-1.467714071273803711e+00 -2.354981422424316406e+00 4.399450421333312988e-01
-1.468230605125427246e+00 -2.355879545211791992e+00 4.398794770240783691e-01
-1.468845963478088379e+00 -2.356985807418823242e+00 4.397144913673400879e-01
-1.469542860984802246e+00 -2.358270406723022461e+00 4.394493699073791504e-01
-1.470303893089294434e+00 -2.359703779220581055e+00 4.390870928764343262e-01
-1.471109509468078613e+00 -2.361251592636108398e+00 4.386293292045593262e-01
-1.471940636634826660e+00 -2.362880468368530273e+00 4.380803704261779785e-01
-1.472777843475341797e+00 -2.364556074142456055e+00 4.374435544013977051e-01
-1.473601222038269043e+00 -2.366242647171020508e+00 4.367240071296691895e-01
-1.474389553070068359e+00 -2.367902517318725586e+00 4.359261393547058105e-01
-1.475124001502990723e+00 -2.369501352310180664e+00 4.350555539131164551e-01
-1.475783228874206543e+00 -2.371001482009887695e+00 4.341180920600891113e-01
-1.476348757743835449e+00 -2.372367382049560547e+00 4.331198334693908691e-01
-1.476800441741943359e+00 -2.373563528060913086e+00 4.320667386054992676e-01
-1.477119803428649902e+00 -2.374554872512817383e+00 4.309647679328918457e-01
-1.477289557456970215e+00 -2.375309467315673828e+00 4.298208355903625488e-01
-1.477293133735656738e+00 -2.375796079635620117e+00 4.286399483680725098e-01
-1.477115273475646973e+00 -2.375985860824584961e+00 4.274287819862365723e-01
-1.476742386817932129e+00 -2.375852823257446289e+00 4.261928200721740723e-01
-1.476162433624267578e+00 -2.375373125076293945e+00 4.249383807182312012e-01
-1.475365757942199707e+00 -2.374527931213378906e+00 4.236701130867004395e-01
-1.474344372749328613e+00 -2.373300790786743164e+00 4.223930239677429199e-01
-1.473093152046203613e+00 -2.371679067611694336e+00 4.211135506629943848e-01
-1.471608281135559082e+00 -2.369654417037963867e+00 4.198369383811950684e-01
-1.469889760017395020e+00 -2.367223024368286133e+00 4.185687899589538574e-01
-1.467939496040344238e+00 -2.364384889602661133e+00 4.173155426979064941e-01
-1.465763092041015625e+00 -2.361146211624145508e+00 4.160848259925842285e-01
-1.463367581367492676e+00 -2.357515573501586914e+00 4.148829579353332520e-01
-1.460763931274414062e+00 -2.353507518768310547e+00 4.137195944786071777e-01
-1.457965016365051270e+00 -2.349140405654907227e+00 4.126028418540954590e-01
-1.454987645149230957e+00 -2.344438314437866211e+00 4.115433096885681152e-01
-1.451850533485412598e+00 -2.339429140090942383e+00 4.105514883995056152e-01
