-1.023736953735351562e+01 1.951187515258789062e+01 6.507962226867675781e+00
-1.012053871154785156e+01 1.947815704345703125e+01 6.470784187316894531e+00
-9.983294486999511719e+00 1.939252090454101562e+01 6.418057918548583984e+00
-9.827329635620117188e+00 1.925578689575195312e+01 6.350387573242187500e+00
-9.654555320739746094e+00 1.906945610046386719e+01 6.268567562103271484e+00
-9.398579597473144531e+00 1.876891708374023438e+01 6.142531871795654297e+00
-9.122850418090820312e+00 1.841666221618652344e+01 6.001160621643066406e+00
-8.837445259094238281e+00 1.802362060546875000e+01 5.849236965179443359e+00
-8.575274467468261719e+00 1.762941932678222656e+01 5.703160762786865234e+00
-8.326835632324218750e+00 1.722410202026367188e+01 5.558488368988037109e+00
-8.077600479125976562e+00 1.679219055175781250e+01 5.408377647399902344e+00
-7.830809116363525391e+00 1.633954429626464844e+01 5.254827499389648438e+00
-7.589693069458007812e+00 1.587233066558837891e+01 5.099896430969238281e+00
-7.357365131378173828e+00 1.539694786071777344e+01 4.945656299591064453e+00
-7.180928230285644531e+00 1.494706058502197266e+01 4.811043739318847656e+00
-7.004956245422363281e+00 1.449337959289550781e+01 4.675806522369384766e+00
-6.831146240234375000e+00 1.404179477691650391e+01 4.541546821594238281e+00
-6.661856651306152344e+00 1.359856033325195312e+01 4.410111427307128906e+00
-6.499395370483398438e+00 1.316979408264160156e+01 4.283306598663330078e+00
-6.345961570739746094e+00 1.276136779785156250e+01 4.162862777709960938e+00
-6.207665443420410156e+00 1.238120460510253906e+01 4.051935672760009766e+00
-6.142709255218505859e+00 1.206751346588134766e+01 3.973256826400756836e+00
-6.103381156921386719e+00 1.179688072204589844e+01 3.909747362136840820e+00
-6.090341567993164062e+00 1.157279777526855469e+01 3.862266302108764648e+00
-6.105250358581542969e+00 1.139842987060546875e+01 3.831870555877685547e+00
-6.147603988647460938e+00 1.127571296691894531e+01 3.818808794021606445e+00
-6.216475963592529297e+00 1.120579528808593750e+01 3.823064804077148438e+00
-6.310529232025146484e+00 1.118904113769531250e+01 3.844360828399658203e+00
-6.428040027618408203e+00 1.122503566741943359e+01 3.882164239883422852e+00
-6.566929817199707031e+00 1.131259536743164062e+01 3.935698986053466797e+00
-6.749661445617675781e+00 1.147911930084228516e+01 4.016226768493652344e+00
-6.973028659820556641e+00 1.172137737274169922e+01 4.122274398803710938e+00
-7.210068702697753906e+00 1.200774860382080078e+01 4.240572452545166016e+00
-7.456923961639404297e+00 1.233348178863525391e+01 4.369178295135498047e+00
-7.709610462188720703e+00 1.269329166412353516e+01 4.506011009216308594e+00
-7.964076042175292969e+00 1.308143806457519531e+01 4.648882389068603516e+00
-8.216267585754394531e+00 1.349180984497070312e+01 4.795529842376708984e+00
-8.462194442749023438e+00 1.391800975799560547e+01 4.943652629852294922e+00
-8.664453506469726562e+00 1.432074260711669922e+01 5.075742244720458984e+00
-8.848713874816894531e+00 1.472193336486816406e+01 5.202823162078857422e+00
-9.021858215332031250e+00 1.512493801116943359e+01 5.327354431152343750e+00
-9.181139945983886719e+00 1.552352237701416016e+01 5.447391510009765625e+00
-9.324031829833984375e+00 1.591150188446044922e+01 5.561057567596435547e+00
-9.448245048522949219e+00 1.628282546997070312e+01 5.666564464569091797e+00
-9.551753044128417969e+00 1.663162994384765625e+01 5.762228965759277344e+00
-9.632824897766113281e+00 1.695235824584960938e+01 5.846505165100097656e+00
-9.690032958984375000e+00 1.723978805541992188e+01 5.917993068695068359e+00
-9.722273826599121094e+00 1.748914718627929688e+01 5.975465297698974609e+00
-9.728774070739746094e+00 1.769614791870117188e+01 6.017877101898193359e+00
-9.709098815917968750e+00 1.785707283020019531e+01 6.044382572174072266e+00
-9.663146018981933594e+00 1.796880912780761719e+01 6.054343700408935547e+00
-9.577822685241699219e+00 1.801591300964355469e+01 6.041299343109130859e+00
-9.431854248046875000e+00 1.797533988952636719e+01 5.995154857635498047e+00
-9.256969451904296875e+00 1.787615203857421875e+01 5.929922103881835938e+00
-9.055057525634765625e+00 1.771875762939453125e+01 5.846174716949462891e+00
-8.828353881835937500e+00 1.750439071655273438e+01 5.744740962982177734e+00
-8.579409599304199219e+00 1.723507118225097656e+01 5.626683712005615234e+00
-8.311052322387695312e+00 1.691358947753906250e+01 5.493291378021240234e+00
-8.026374816894531250e+00 1.654350090026855469e+01 5.346073150634765625e+00
-7.761973381042480469e+00 1.616829681396484375e+01 5.203149795532226562e+00
-7.510335922241210938e+00 1.577989959716796875e+01 5.060968875885009766e+00
-7.251744747161865234e+00 1.535624408721923828e+01 4.910035610198974609e+00
-6.989261150360107422e+00 1.490252780914306641e+01 4.752171993255615234e+00
-6.725252628326416016e+00 1.442417335510253906e+01 4.589064598083496094e+00
-6.496220111846923828e+00 1.395072746276855469e+01 4.436066627502441406e+00
-6.312077522277832031e+00 1.348810768127441406e+01 4.296935558319091797e+00
-6.125530242919921875e+00 1.301311874389648438e+01 4.154742240905761719e+00
-5.938973903656005859e+00 1.253190326690673828e+01 4.011322021484375000e+00
-5.754823684692382812e+00 1.205069541931152344e+01 3.868533134460449219e+00
-5.575470924377441406e+00 1.157571506500244141e+01 3.728222846984863281e+00
-5.407501220703125000e+00 1.111955547332763672e+01 3.594590663909912109e+00
-5.249729633331298828e+00 1.067420959472656250e+01 3.465751171112060547e+00
-5.085321903228759766e+00 1.020148563385009766e+01 3.329792499542236328e+00
-4.931085586547851562e+00 9.742588043212890625e+00 3.199212074279785156e+00
-4.808964729309082031e+00 9.371994018554687500e+00 3.094395875930786133e+00
-4.752507209777832031e+00 9.233057022094726562e+00 3.052309274673461914e+00
-4.697085857391357422e+00 9.098141670227050781e+00 3.011284112930297852e+00
-4.636547088623046875e+00 8.933757781982421875e+00 2.963125467300415039e+00
-4.629012584686279297e+00 8.805962562561035156e+00 2.936021566390991211e+00
-4.697040557861328125e+00 8.749617576599121094e+00 2.942726373672485352e+00
-4.791471481323242188e+00 8.736990928649902344e+00 2.964932680130004883e+00
-4.911010742187500000e+00 8.768136024475097656e+00 3.002312660217285156e+00
-5.053984642028808594e+00 8.842561721801757812e+00 3.054332017898559570e+00
-5.218369483947753906e+00 8.959247589111328125e+00 3.120260953903198242e+00
-5.401817798614501953e+00 9.116670608520507812e+00 3.199186325073242188e+00
-5.604733943939208984e+00 9.315810203552246094e+00 3.291406393051147461e+00
-5.852088451385498047e+00 9.581668853759765625e+00 3.408367156982421875e+00
-6.172396183013916016e+00 9.947181701660156250e+00 3.564001560211181641e+00
-6.498900413513183594e+00 1.038016128540039062e+01 3.734525442123413086e+00
-6.827224731445312500e+00 1.087247276306152344e+01 3.917193889617919922e+00
-7.144990921020507812e+00 1.138918018341064453e+01 4.101900100708007812e+00
-7.451285839080810547e+00 1.192524719238281250e+01 4.287414550781250000e+00
-7.748312950134277344e+00 1.247632789611816406e+01 4.473458766937255859e+00
-7.981595039367675781e+00 1.299639129638671875e+01 4.636736392974853516e+00
-8.182607650756835938e+00 1.351659679412841797e+01 4.791604042053222656e+00
-8.366311073303222656e+00 1.403946971893310547e+01 4.942471027374267578e+00
-8.530111312866210938e+00 1.455952739715576172e+01 5.087580680847167969e+00
-8.671767234802246094e+00 1.507138156890869141e+01 5.225286960601806641e+00
-8.789423942565917969e+00 1.556977748870849609e+01 5.354071140289306641e+00
-8.881640434265136719e+00 1.604966163635253906e+01 5.472563743591308594e+00
-8.947385787963867188e+00 1.650619888305664062e+01 5.579543113708496094e+00
-8.986029624938964844e+00 1.693480682373046875e+01 5.673943042755126953e+00
-8.997341156005859375e+00 1.733120346069335938e+01 5.754861831665039062e+00
-8.981474876403808594e+00 1.769143295288085938e+01 5.821561813354492188e+00
-8.938926696777343750e+00 1.801188087463378906e+01 5.873461723327636719e+00
-8.870522499084472656e+00 1.828931427001953125e+01 5.910140991210937500e+00
-8.777375221252441406e+00 1.852090454101562500e+01 5.931334972381591797e+00
-8.637765884399414062e+00 1.868325614929199219e+01 5.926763534545898438e+00
-8.440404891967773438e+00 1.876270103454589844e+01 5.890786647796630859e+00
-8.218080520629882812e+00 1.878596115112304688e+01 5.837233066558837891e+00
-7.973372459411621094e+00 1.875263977050781250e+01 5.766698360443115234e+00
-7.708977699279785156e+00 1.866284561157226562e+01 5.679909706115722656e+00
-7.427669525146484375e+00 1.851720046997070312e+01 5.577714920043945312e+00
-7.128584861755371094e+00 1.831476974487304688e+01 5.459703445434570312e+00
-6.964318752288818359e+00 1.811323356628417969e+01 5.377117633819580078e+00
-6.959116458892822266e+00 1.792352104187011719e+01 5.338445186614990234e+00
-6.944203376770019531e+00 1.768796348571777344e+01 5.288218021392822266e+00
-6.950737953186035156e+00 1.745179176330566406e+01 5.243477344512939453e+00
-6.943257808685302734e+00 1.716876792907714844e+01 5.185857772827148438e+00
-6.921455860137939453e+00 1.684143257141113281e+01 5.115778923034667969e+00
-6.885138988494873047e+00 1.647278594970703125e+01 5.033779621124267578e+00
-6.834257125854492188e+00 1.606624794006347656e+01 4.940519809722900391e+00
-6.710363864898681641e+00 1.562296009063720703e+01 4.820943355560302734e+00
-6.543156147003173828e+00 1.514838600158691406e+01 4.683888912200927734e+00
-6.369250297546386719e+00 1.464855957031250000e+01 4.540115833282470703e+00
-6.202624320983886719e+00 1.414754676818847656e+01 4.398013114929199219e+00
-6.046050071716308594e+00 1.365243339538574219e+01 4.259699344635009766e+00
-5.886252403259277344e+00 1.314591693878173828e+01 4.118299484252929688e+00
-5.724434852600097656e+00 1.263393306732177734e+01 3.975296258926391602e+00
-5.534794330596923828e+00 1.207003021240234375e+01 3.814807415008544922e+00
-5.361574172973632812e+00 1.153033065795898438e+01 3.663372039794921875e+00
-5.266598701477050781e+00 1.109348678588867188e+01 3.552623271942138672e+00
-5.173558712005615234e+00 1.066924095153808594e+01 3.444858551025390625e+00
-5.060189247131347656e+00 1.028082180023193359e+01 3.338824748992919922e+00
-4.942903041839599609e+00 9.927268981933593750e+00 3.238624095916748047e+00
-4.827880382537841797e+00 9.589880943298339844e+00 3.142194509506225586e+00
-4.699954032897949219e+00 9.283988952636718750e+00 3.048585653305053711e+00
-4.577205181121826172e+00 8.996419906616210938e+00 2.959934234619140625e+00
-4.460289478302001953e+00 8.728271484375000000e+00 2.876627683639526367e+00
-4.362151622772216797e+00 8.485940933227539062e+00 2.803308010101318359e+00
-4.277536869049072266e+00 8.267216682434082031e+00 2.738167047500610352e+00
-4.199427604675292969e+00 8.068806648254394531e+00 2.678722620010375977e+00
-4.181701183319091797e+00 7.866264343261718750e+00 2.634252786636352539e+00
-4.217006206512451172e+00 7.697980880737304688e+00 2.610386371612548828e+00
-4.246801376342773438e+00 7.549920558929443359e+00 2.589056730270385742e+00
-4.254976272583007812e+00 7.425094127655029297e+00 2.566643714904785156e+00
-4.247930049896240234e+00 7.320683002471923828e+00 2.544266462326049805e+00
-4.239190101623535156e+00 7.232674598693847656e+00 2.524672269821166992e+00
-4.217877388000488281e+00 7.168603897094726562e+00 2.506498575210571289e+00
-4.199841022491455078e+00 7.113994598388671875e+00 2.491042613983154297e+00
-4.184926033020019531e+00 7.067377090454101562e+00 2.477974653244018555e+00
-4.172931194305419922e+00 7.027269840240478516e+00 2.466950178146362305e+00
-4.163602828979492188e+00 6.992211341857910156e+00 2.457616090774536133e+00
-4.156651973724365234e+00 6.960774898529052734e+00 2.449615955352783203e+00
-4.149085521697998047e+00 6.933907032012939453e+00 2.442353248596191406e+00
-4.143064022064208984e+00 6.908158302307128906e+00 2.435714721679687500e+00
-4.138160705566406250e+00 6.882406711578369141e+00 2.429368257522583008e+00
-4.133941650390625000e+00 6.855647563934326172e+00 2.423002004623413086e+00
-4.129992485046386719e+00 6.826987743377685547e+00 2.416332960128784180e+00
-4.125930309295654297e+00 6.795653343200683594e+00 2.409108161926269531e+00
-4.121412277221679688e+00 6.760994434356689453e+00 2.401110410690307617e+00
-4.116136550903320312e+00 6.722486972808837891e+00 2.392157554626464844e+00
-4.109204292297363281e+00 6.680273056030273438e+00 2.382042646408081055e+00
-4.094779014587402344e+00 6.638667583465576172e+00 2.370088100433349609e+00
-4.078683376312255859e+00 6.592691421508789062e+00 2.356837511062622070e+00
-4.060853958129882812e+00 6.542308807373046875e+00 2.342266798019409180e+00
-4.041271209716796875e+00 6.487604141235351562e+00 2.326387643814086914e+00
-4.019970417022705078e+00 6.428771972656250000e+00 2.309247493743896484e+00
-3.997024536132812500e+00 6.366104602813720703e+00 2.290923118591308594e+00
-3.972556591033935547e+00 6.299971580505371094e+00 2.271518945693969727e+00
-3.946726560592651367e+00 6.230819702148437500e+00 2.251165151596069336e+00
-3.906295299530029297e+00 6.129607200622558594e+00 2.220688104629516602e+00
-3.854329586029052734e+00 6.003124713897705078e+00 2.182225227355957031e+00
-3.801312446594238281e+00 5.874255657196044922e+00 2.143018007278442383e+00
-3.772144079208374023e+00 5.777826786041259766e+00 2.116426467895507812e+00
-3.742458820343017578e+00 5.680380344390869141e+00 2.089499711990356445e+00
-3.712527990341186523e+00 5.582584381103515625e+00 2.062439918518066406e+00
-3.684593200683593750e+00 5.487707614898681641e+00 2.036476373672485352e+00
-3.661057949066162109e+00 5.399212837219238281e+00 2.012917995452880859e+00
-3.637708187103271484e+00 5.311716556549072266e+00 1.989604830741882324e+00
-3.614742994308471680e+00 5.225680351257324219e+00 1.966679096221923828e+00
-3.592351913452148438e+00 5.141512870788574219e+00 1.944271206855773926e+00
-3.570715188980102539e+00 5.059576988220214844e+00 1.922499299049377441e+00
-3.550002098083496094e+00 4.980173110961914062e+00 1.901466965675354004e+00
-3.536128759384155273e+00 4.906860828399658203e+00 1.883420825004577637e+00
-3.529988288879394531e+00 4.840256214141845703e+00 1.868715882301330566e+00
-3.524186849594116211e+00 4.776156902313232422e+00 1.854592323303222656e+00
-3.518781900405883789e+00 4.714594841003417969e+00 1.841071486473083496e+00
-3.514199018478393555e+00 4.651880741119384766e+00 1.827538847923278809e+00
-3.510946989059448242e+00 4.583406925201416016e+00 1.813221454620361328e+00
-3.508204698562622070e+00 4.517581939697265625e+00 1.799558401107788086e+00
-3.506017208099365234e+00 4.454209804534912109e+00 1.786522626876831055e+00
-3.504424810409545898e+00 4.393043518066406250e+00 1.774076461791992188e+00
-3.503463506698608398e+00 4.333802223205566406e+00 1.762173771858215332e+00
-3.503165245056152344e+00 4.276166915893554688e+00 1.750760436058044434e+00
-3.503555059432983398e+00 4.219798088073730469e+00 1.739775896072387695e+00
-3.504651784896850586e+00 4.164329528808593750e+00 1.729153394699096680e+00
-3.506467103958129883e+00 4.109389305114746094e+00 1.718822598457336426e+00
-3.509001493453979492e+00 4.054600238800048828e+00 1.708709597587585449e+00
-3.512247562408447266e+00 3.999584197998046875e+00 1.698737978935241699e+00
-3.518845319747924805e+00 3.946560382843017578e+00 1.690034508705139160e+00
-3.527912616729736328e+00 3.894357919692993164e+00 1.682138323783874512e+00
-3.531128883361816406e+00 3.832940578460693359e+00 1.670899987220764160e+00
-3.534267187118530273e+00 3.769202470779418945e+00 1.659184813499450684e+00
-3.537864685058593750e+00 3.703668832778930664e+00 1.647236466407775879e+00
-3.541764020919799805e+00 3.636060237884521484e+00 1.634959101676940918e+00
-3.545793771743774414e+00 3.566161155700683594e+00 1.622265338897705078e+00
-3.542215585708618164e+00 3.469071149826049805e+00 1.602234482765197754e+00
-3.536753654479980469e+00 3.364059448242187500e+00 1.580153226852416992e+00
-3.530539512634277344e+00 3.255456924438476562e+00 1.557169079780578613e+00
-3.523374795913696289e+00 3.143345832824707031e+00 1.533246278762817383e+00
-3.544755697250366211e+00 2.989714860916137695e+00 1.493151187896728516e+00
-3.565059185028076172e+00 2.867108583450317383e+00 1.456511497497558594e+00
-3.578043937683105469e+00 2.803417921066284180e+00 1.429059267044067383e+00
-3.590050458908081055e+00 2.737204551696777344e+00 1.400435090065002441e+00
-3.600815534591674805e+00 2.668576002120971680e+00 1.370671510696411133e+00
-3.610072612762451172e+00 2.597691774368286133e+00 1.339823842048645020e+00
-3.617542266845703125e+00 2.524762392044067383e+00 1.307969689369201660e+00
-3.622938394546508789e+00 2.450050592422485352e+00 1.275209069252014160e+00
-3.625968217849731445e+00 2.373877286911010742e+00 1.241667270660400391e+00
-3.626336574554443359e+00 2.296616077423095703e+00 1.207493066787719727e+00
-3.623748302459716797e+00 2.218703031539916992e+00 1.172862291336059570e+00
-3.621190547943115234e+00 2.145702600479125977e+00 1.140407800674438477e+00
-3.616971731185913086e+00 2.066386222839355469e+00 1.105063557624816895e+00
-3.608915805816650391e+00 1.987456917762756348e+00 1.069672822952270508e+00
-3.596632719039916992e+00 1.909372568130493164e+00 1.034416317939758301e+00
-3.579732418060302734e+00 1.832635998725891113e+00 9.994943141937255859e-01
-3.557840347290039062e+00 1.757805109024047852e+00 9.651324152946472168e-01
-3.530597925186157227e+00 1.685493707656860352e+00 9.315819740295410156e-01
-3.497671127319335938e+00 1.616361618041992188e+00 8.991163372993469238e-01
-3.458756208419799805e+00 1.551132440567016602e+00 8.680381178855895996e-01
-3.412275314331054688e+00 1.483865022659301758e+00 8.356284499168395996e-01
-3.358108997344970703e+00 1.415833353996276855e+00 8.024444580078125000e-01
-3.296867609024047852e+00 1.351770997047424316e+00 7.706157565116882324e-01
-3.228440284729003906e+00 1.292402505874633789e+00 7.404569983482360840e-01
-3.152790069580078125e+00 1.238497495651245117e+00 7.123062610626220703e-01
-3.069972991943359375e+00 1.190852999687194824e+00 6.865195631980895996e-01
-2.980134725570678711e+00 1.150275468826293945e+00 6.634624004364013672e-01
-2.848083972930908203e+00 1.086763143539428711e+00 6.278591156005859375e-01
-2.714747667312622070e+00 1.042821049690246582e+00 6.008445620536804199e-01
-2.559504747390747070e+00 1.159333705902099609e+00 6.037514805793762207e-01
-2.387413978576660156e+00 1.377683043479919434e+00 6.261237859725952148e-01
-2.242475509643554688e+00 1.649079084396362305e+00 6.717330813407897949e-01
-2.111099481582641602e+00 1.964480757713317871e+00 7.344296574592590332e-01
-2.036595344543457031e+00 2.416139364242553711e+00 8.366531729698181152e-01
-2.291004657745361328e+00 3.210269212722778320e+00 1.085232138633728027e+00
-2.534949779510498047e+00 4.124967575073242188e+00 1.430566072463989258e+00
-3.014496803283691406e+00 5.055128574371337891e+00 1.776196479797363281e+00
-3.866496801376342773e+00 6.392730236053466797e+00 2.262032032012939453e+00
-4.922247886657714844e+00 8.118633270263671875e+00 2.877509593963623047e+00
-5.594669342041015625e+00 9.069317817687988281e+00 3.240296125411987305e+00
-6.246785640716552734e+00 9.960447311401367188e+00 3.586060285568237305e+00
-6.827635765075683594e+00 1.078893089294433594e+01 3.900870800018310547e+00
-7.308743476867675781e+00 1.152679538726806641e+01 4.171780109405517578e+00
-7.778334617614746094e+00 1.225990390777587891e+01 4.438743114471435547e+00
-8.232096672058105469e+00 1.298391532897949219e+01 4.699778079986572266e+00
-8.646424293518066406e+00 1.368350982666015625e+01 4.945700645446777344e+00
-9.003211975097656250e+00 1.434664344787597656e+01 5.169407367706298828e+00
-9.344367027282714844e+00 1.499586963653564453e+01 5.386292457580566406e+00
-9.667580604553222656e+00 1.562847614288330078e+01 5.595217227935791016e+00
-9.970837593078613281e+00 1.624204635620117188e+01 5.795180320739746094e+00
-1.025244331359863281e+01 1.683447647094726562e+01 5.985324859619140625e+00
-1.051105499267578125e+01 1.740398597717285156e+01 6.164949417114257812e+00
-1.074566745758056641e+01 1.794908905029296875e+01 6.333499431610107422e+00
-1.095564270019531250e+01 1.846861267089843750e+01 6.490576744079589844e+00
-1.114067745208740234e+01 1.896166419982910156e+01 6.635926723480224609e+00
-1.128336334228515625e+01 1.941758346557617188e+01 6.762900829315185547e+00
-1.134534454345703125e+01 1.981375694274902344e+01 6.857024192810058594e+00
-1.137263870239257812e+01 2.017606925964355469e+01 6.935418128967285156e+00
-1.136715888977050781e+01 2.050511550903320312e+01 6.998701095581054688e+00
-1.133116054534912109e+01 2.080172729492187500e+01 7.047625064849853516e+00
-1.126720237731933594e+01 2.106691741943359375e+01 7.083058834075927734e+00
-1.117808341979980469e+01 2.130187606811523438e+01 7.105968475341796875e+00
-1.098177623748779297e+01 2.150402832031250000e+01 7.094401359558105469e+00
-1.075910949707031250e+01 2.167831420898437500e+01 7.070460319519042969e+00
-1.051994228363037109e+01 2.182647705078125000e+01 7.037068367004394531e+00
-1.026850891113281250e+01 2.195005989074707031e+01 6.995634555816650391e+00
-1.000896644592285156e+01 2.205059814453125000e+01 6.947548389434814453e+00
-9.745332717895507812e+00 2.212962913513183594e+01 6.894162654876708984e+00
-9.481431961059570312e+00 2.218864822387695312e+01 6.836771011352539062e+00
-9.224509239196777344e+00 2.223257637023925781e+01 6.778236389160156250e+00
-9.003645896911621094e+00 2.228712844848632812e+01 6.731218814849853516e+00
-8.790342330932617188e+00 2.232401847839355469e+01 6.682703971862792969e+00
-8.572185516357421875e+00 2.233087158203125000e+01 6.627013206481933594e+00
-8.304456710815429688e+00 2.226797485351562500e+01 6.544642925262451172e+00
-8.088898658752441406e+00 2.220849037170410156e+01 6.476584434509277344e+00
-8.108739852905273438e+00 2.222192955017089844e+01 6.484415531158447266e+00
-8.126157760620117188e+00 2.221990394592285156e+01 6.488570690155029297e+00
-8.141268730163574219e+00 2.220331573486328125e+01 6.489258766174316406e+00
-8.154169082641601562e+00 2.217313003540039062e+01 6.486695289611816406e+00
-8.164935111999511719e+00 2.213037300109863281e+01 6.481101036071777344e+00
-8.173630714416503906e+00 2.207614326477050781e+01 6.472708702087402344e+00
-8.180333137512207031e+00 2.201160812377929688e+01 6.461768627166748047e+00
-8.185127258300781250e+00 2.193796730041503906e+01 6.448538303375244141e+00
-8.188111305236816406e+00 2.185649108886718750e+01 6.433294773101806641e+00
-8.189421653747558594e+00 2.176846313476562500e+01 6.416324138641357422e+00
-8.189220428466796875e+00 2.167516708374023438e+01 6.397922515869140625e+00
-8.187702178955078125e+00 2.157787513732910156e+01 6.378390789031982422e+00
-8.185088157653808594e+00 2.147779464721679688e+01 6.358024120330810547e+00
-8.181625366210937500e+00 2.137605285644531250e+01 6.337108612060546875e+00
-8.177574157714843750e+00 2.127365112304687500e+01 6.315909385681152344e+00
-8.173208236694335938e+00 2.117144012451171875e+01 6.294665336608886719e+00
-8.168780326843261719e+00 2.107007598876953125e+01 6.273571968078613281e+00
-8.164526939392089844e+00 2.096998023986816406e+01 6.252773284912109375e+00
-8.160637855529785156e+00 2.087133216857910156e+01 6.232355117797851562e+00
-8.157248497009277344e+00 2.077403259277343750e+01 6.212332248687744141e+00
-8.154410362243652344e+00 2.067766952514648438e+01 6.192638397216796875e+00
-8.152076721191406250e+00 2.058153724670410156e+01 6.173121452331542969e+00
-8.150105476379394531e+00 2.048462486267089844e+01 6.153545379638671875e+00
-8.148227691650390625e+00 2.038560485839843750e+01 6.133579730987548828e+00
-8.146052360534667969e+00 2.028289031982421875e+01 6.112809658050537109e+00
-8.143057823181152344e+00 2.017463302612304688e+01 6.090735435485839844e+00
-8.138591766357421875e+00 2.005877113342285156e+01 6.066780090332031250e+00
-8.132060050964355469e+00 1.993636512756347656e+01 6.040998458862304688e+00
-8.122498512268066406e+00 1.980341720581054688e+01 6.012350559234619141e+00
-8.108816146850585938e+00 1.965546989440917969e+01 5.979675769805908203e+00
-8.089978218078613281e+00 1.949021148681640625e+01 5.942247867584228516e+00
-8.064885139465332031e+00 1.930541419982910156e+01 5.899342536926269531e+00
-8.032432556152343750e+00 1.909903526306152344e+01 5.850267410278320312e+00
-7.991508007049560547e+00 1.886922264099121094e+01 5.794369220733642578e+00
-7.941053390502929688e+00 1.861444473266601562e+01 5.731068611145019531e+00
-7.880822658538818359e+00 1.833451652526855469e+01 5.660265922546386719e+00
-7.826666831970214844e+00 1.805168342590332031e+01 5.590480327606201172e+00
-7.761641979217529297e+00 1.774322891235351562e+01 5.512813568115234375e+00
-7.637867450714111328e+00 1.740678977966308594e+01 5.414281845092773438e+00
-7.497898101806640625e+00 1.704453849792480469e+01 5.306440353393554688e+00
-7.346805095672607422e+00 1.665736961364746094e+01 5.190789222717285156e+00
-7.185081005096435547e+00 1.624638748168945312e+01 5.067675113677978516e+00
-7.013389587402343750e+00 1.581310367584228516e+01 4.937568664550781250e+00
-6.832551479339599609e+00 1.535941791534423828e+01 4.801058292388916016e+00
-6.643524169921875000e+00 1.488756656646728516e+01 4.658833980560302734e+00
-6.447385311126708984e+00 1.440007209777832031e+01 4.511673450469970703e+00
-6.245322227478027344e+00 1.389970493316650391e+01 4.360432624816894531e+00
-6.038595199584960938e+00 1.338941574096679688e+01 4.206020832061767578e+00
-5.828520774841308594e+00 1.287225627899169922e+01 4.049382686614990234e+00
-5.617888450622558594e+00 1.235353183746337891e+01 3.892290830612182617e+00
-5.423595428466796875e+00 1.186001014709472656e+01 3.744427442550659180e+00
-5.213134288787841797e+00 1.133199691772460938e+01 3.585553646087646484e+00
-4.983229637145996094e+00 1.076243019104003906e+01 3.413423299789428711e+00
-4.728042125701904297e+00 1.010741710662841797e+01 3.217877626419067383e+00
-4.596076488494873047e+00 9.677968978881835938e+00 3.098912239074707031e+00
-4.524747371673583984e+00 9.490573883056640625e+00 3.043406486511230469e+00
-4.440719127655029297e+00 9.273550987243652344e+00 2.978753566741943359e+00
-4.313782691955566406e+00 8.943185806274414062e+00 2.880590200424194336e+00
-4.191862583160400391e+00 8.626214981079101562e+00 2.786373138427734375e+00
-4.074534416198730469e+00 8.324053764343261719e+00 2.696269035339355469e+00
-3.958989381790161133e+00 8.040166854858398438e+00 2.610225200653076172e+00
-3.844215869903564453e+00 7.775946140289306641e+00 2.528250932693481445e+00
-3.737204790115356445e+00 7.525728225708007812e+00 2.451060533523559570e+00
-3.637993574142456055e+00 7.289459705352783203e+00 2.378652572631835938e+00
-3.595761299133300781e+00 7.074830532073974609e+00 2.325398206710815430e+00
-3.634441375732421875e+00 6.877608299255371094e+00 2.296722888946533203e+00
-3.677783012390136719e+00 6.688428401947021484e+00 2.270847797393798828e+00
-3.698032617568969727e+00 6.531823635101318359e+00 2.245342016220092773e+00
-3.718506813049316406e+00 6.386822223663330078e+00 2.222177028656005859e+00
-3.733455657958984375e+00 6.240716934204101562e+00 2.197350025177001953e+00
-3.719753742218017578e+00 6.042911529541015625e+00 2.154864311218261719e+00
-3.700803041458129883e+00 5.868030071258544922e+00 2.115514516830444336e+00
-3.676108360290527344e+00 5.716179847717285156e+00 2.079192638397216797e+00
-3.653190851211547852e+00 5.576118946075439453e+00 2.045654296875000000e+00
-3.631708383560180664e+00 5.448182106018066406e+00 2.014875411987304688e+00
-3.611364603042602539e+00 5.332901954650878906e+00 1.986883759498596191e+00
-3.591921329498291016e+00 5.231004238128662109e+00 1.961759328842163086e+00
-3.579115152359008789e+00 5.151587009429931641e+00 1.942791700363159180e+00
-3.575680494308471680e+00 5.099655151367187500e+00 1.931679844856262207e+00
-3.569650888442993164e+00 5.059871196746826172e+00 1.922278881072998047e+00
-3.560815334320068359e+00 5.033192634582519531e+00 1.914721727371215820e+00
-3.549049377441406250e+00 5.020658493041992188e+00 1.909180283546447754e+00
-3.534322500228881836e+00 5.023373603820800781e+00 1.905863761901855469e+00
-3.516697645187377930e+00 5.042464733123779297e+00 1.905010461807250977e+00
-3.496330261230468750e+00 5.079058170318603516e+00 1.906882166862487793e+00
-3.473468780517578125e+00 5.134236812591552734e+00 1.911757111549377441e+00
-3.450560808181762695e+00 5.211942195892333984e+00 1.921050429344177246e+00
-3.447822570800781250e+00 5.340525150299072266e+00 1.945623517036437988e+00
-3.449185848236083984e+00 5.496497631072998047e+00 1.976655960083007812e+00
-3.455134868621826172e+00 5.681523323059082031e+00 2.014601230621337891e+00
-3.466223955154418945e+00 5.896072864532470703e+00 2.059697151184082031e+00
-3.444742918014526367e+00 6.072935104370117188e+00 2.088865280151367188e+00
-3.401661872863769531e+00 6.230916976928710938e+00 2.108672380447387695e+00
-3.352911949157714844e+00 6.415461063385009766e+00 2.132221698760986328e+00
-3.351655721664428711e+00 6.723198890686035156e+00 2.192417621612548828e+00
-3.505965471267700195e+00 7.112322807312011719e+00 2.309294462203979492e+00
-3.675376415252685547e+00 7.508681774139404297e+00 2.431542158126831055e+00
-3.974315643310546875e+00 8.012934684753417969e+00 2.608876466751098633e+00
-4.390741825103759766e+00 8.599133491516113281e+00 2.833045244216918945e+00
-4.811343193054199219e+00 9.200461387634277344e+00 3.061281442642211914e+00
-5.231676578521728516e+00 9.812329292297363281e+00 3.291520357131958008e+00
-5.676901340484619141e+00 1.052478313446044922e+01 3.548050403594970703e+00
-6.124446392059326172e+00 1.126564979553222656e+01 3.810775041580200195e+00
-6.559451103210449219e+00 1.200318813323974609e+01 4.069566249847412109e+00
-6.977589130401611328e+00 1.273205375671386719e+01 4.322241783142089844e+00
-7.337280273437500000e+00 1.341300964355468750e+01 4.550213336944580078e+00
-7.630760669708251953e+00 1.403755187988281250e+01 4.749778270721435547e+00
-7.904178142547607422e+00 1.464618968963623047e+01 4.940969467163085938e+00
-8.155255317687988281e+00 1.523541736602783203e+01 5.122502326965332031e+00
-8.382081985473632812e+00 1.580207157135009766e+01 5.293254852294921875e+00
-8.583141326904296875e+00 1.634339141845703125e+01 5.452287673950195312e+00
-8.757340431213378906e+00 1.685703659057617188e+01 5.598855018615722656e+00
-8.903994560241699219e+00 1.734109878540039062e+01 5.732402324676513672e+00
-9.022844314575195312e+00 1.779412841796875000e+01 5.852576255798339844e+00
-9.114030838012695312e+00 1.821511650085449219e+01 5.959215164184570312e+00
-9.178074836730957031e+00 1.860348510742187500e+01 6.052342891693115234e+00
-9.215852737426757812e+00 1.895907974243164062e+01 6.132156848907470703e+00
-9.228548049926757812e+00 1.928212165832519531e+01 6.199010372161865234e+00
-9.217608451843261719e+00 1.957317924499511719e+01 6.253394126892089844e+00
-9.184711456298828125e+00 1.983312606811523438e+01 6.295918464660644531e+00
-9.131696701049804688e+00 2.006307983398437500e+01 6.327282905578613281e+00
-9.060525894165039062e+00 2.026435470581054688e+01 6.348260402679443359e+00
-8.973222732543945312e+00 2.043840408325195312e+01 6.359665870666503906e+00
-8.871835708618164062e+00 2.058675575256347656e+01 6.362334728240966797e+00
-8.758370399475097656e+00 2.071096229553222656e+01 6.357096195220947266e+00
-8.634774208068847656e+00 2.081253051757812500e+01 6.344757080078125000e+00
-8.502875328063964844e+00 2.089288139343261719e+01 6.326074123382568359e+00
-8.336437225341796875e+00 2.092789077758789062e+01 6.289443016052246094e+00
-8.137175559997558594e+00 2.091882705688476562e+01 6.235561847686767578e+00
-7.934005260467529297e+00 2.089161872863769531e+01 6.177090167999267578e+00
-7.728363990783691406e+00 2.084716606140136719e+01 6.114580631256103516e+00
-7.521415710449218750e+00 2.078600692749023438e+01 6.048443794250488281e+00
-7.413083076477050781e+00 2.074549484252929688e+01 6.012151241302490234e+00
-7.418817520141601562e+00 2.073083305358886719e+01 6.010766983032226562e+00
-7.415824413299560547e+00 2.070109939575195312e+01 6.004137039184570312e+00
-7.407598018646240234e+00 2.065563392639160156e+01 5.993043899536132812e+00
-7.393997192382812500e+00 2.058822822570800781e+01 5.976230621337890625e+00
-7.375064373016357422e+00 2.049770545959472656e+01 5.953477382659912109e+00
-7.350741386413574219e+00 2.038272857666015625e+01 5.924504756927490234e+00
-7.334018230438232422e+00 2.026000213623046875e+01 5.895994663238525391e+00
-7.317375183105468750e+00 2.011802291870117188e+01 5.863719940185546875e+00
-7.295019626617431641e+00 1.994782066345214844e+01 5.824399948120117188e+00
-7.266643047332763672e+00 1.974815940856933594e+01 5.777711868286132812e+00
