1.314336061477661133e-01 9.739412665367126465e-01 1.848339289426803589e-01
1.160622686147689819e-01 9.822853803634643555e-01 1.471222937107086182e-01
8.255635201930999756e-02 9.892330765724182129e-01 1.208401098847389221e-01
3.973193094134330750e-02 9.937025904655456543e-01 1.047687307000160217e-01
-8.059616200625896454e-03 9.957572221755981445e-01 9.166517853736877441e-02
-5.870208516716957092e-02 9.950545430183410645e-01 8.012868463993072510e-02
-1.109986528754234314e-01 9.913681149482727051e-01 6.977488845586776733e-02
-1.636992692947387695e-01 9.846495389938354492e-01 6.056230142712593079e-02
-2.155197709798812866e-01 9.750902056694030762e-01 5.244459584355354309e-02
-2.652512788772583008e-01 9.631124138832092285e-01 4.534507915377616882e-02
-3.118580579757690430e-01 9.493215084075927734e-01 3.915661945939064026e-02
-3.545414507389068604e-01 9.344312548637390137e-01 3.374191001057624817e-02
-3.927633166313171387e-01 9.191842079162597656e-01 2.893867529928684235e-02
-4.262281954288482666e-01 9.042819142341613770e-01 2.457030862569808960e-02
-4.548447430133819580e-01 8.903358578681945801e-01 2.045132592320442200e-02
-4.786686301231384277e-01 8.778426051139831543e-01 1.639406010508537292e-02
-4.978518486022949219e-01 8.671759963035583496e-01 1.221527159214019775e-02
-5.125955343246459961e-01 8.585952520370483398e-01 7.739059161394834518e-03
-5.231148004531860352e-01 8.522576093673706055e-01 2.799970330670475960e-03
-5.296136736869812012e-01 8.482344746589660645e-01 -2.756822854280471802e-03
-5.322684645652770996e-01 8.465269207954406738e-01 -9.073384106159210205e-03
-5.312211513519287109e-01 8.470767736434936523e-01 -1.628091558814048767e-02
-5.265722274780273438e-01 8.497774004936218262e-01 -2.449428662657737732e-02
-5.183851718902587891e-01 8.544784188270568848e-01 -3.381396085023880005e-02
-5.066877007484436035e-01 8.609896898269653320e-01 -4.432135820388793945e-02
-4.914797544479370117e-01 8.690819144248962402e-01 -5.607412010431289673e-02
-4.727410674095153809e-01 8.784874677658081055e-01 -6.910543143749237061e-02
-4.504405260086059570e-01 8.889011740684509277e-01 -8.341504633426666260e-02
-4.245508015155792236e-01 8.999792933464050293e-01 -9.896400570869445801e-02
-3.950608670711517334e-01 9.113439321517944336e-01 -1.156682819128036499e-01
-3.619899451732635498e-01 9.225879311561584473e-01 -1.333965361118316650e-01
-3.254061341285705566e-01 9.332833290100097656e-01 -1.519640684127807617e-01
-2.854375839233398438e-01 9.429944157600402832e-01 -1.711337864398956299e-01
-2.422884106636047363e-01 9.512935876846313477e-01 -1.906218975782394409e-01
-1.962457597255706787e-01 9.577813744544982910e-01 -2.101006656885147095e-01
-1.476809382438659668e-01 9.621069431304931641e-01 -2.292170822620391846e-01
-9.704953432083129883e-02 9.639886021614074707e-01 -2.476033419370651245e-01
-4.487595334649085999e-02 9.632311463356018066e-01 -2.648998200893402100e-01
8.260875940322875977e-03 9.597390294075012207e-01 -2.807717919349670410e-01
6.175488978624343872e-02 9.535210132598876953e-01 -2.949305176734924316e-01
1.149973645806312561e-01 9.446887373924255371e-01 -3.071463108062744141e-01
1.674055755138397217e-01 9.334462285041809082e-01 -3.172594308853149414e-01
2.184488028287887573e-01 9.200729131698608398e-01 -3.251859247684478760e-01
2.676682174205780029e-01 9.049029946327209473e-01 -3.309141695499420166e-01
3.146905004978179932e-01 8.883019685745239258e-01 -3.344988226890563965e-01
3.592367172241210938e-01 8.706427216529846191e-01 -3.360511064529418945e-01
4.011213183403015137e-01 8.522861003875732422e-01 -3.357232511043548584e-01
4.402479827404022217e-01 8.335626125335693359e-01 -3.336989879608154297e-01
4.765999615192413330e-01 8.147605657577514648e-01 -3.301782608032226562e-01
5.102272629737854004e-01 7.961190938949584961e-01 -3.253652155399322510e-01
5.412322282791137695e-01 7.778255939483642578e-01 -3.194604516029357910e-01
5.697607398033142090e-01 7.600139379501342773e-01 -3.126522302627563477e-01
5.959814786911010742e-01 7.427721023559570312e-01 -3.051157295703887939e-01
6.200834512710571289e-01 7.261436581611633301e-01 -2.970049381256103516e-01
6.422619819641113281e-01 7.101358771324157715e-01 -2.884553670883178711e-01
6.627115607261657715e-01 6.947279572486877441e-01 -2.795825898647308350e-01
6.816225647926330566e-01 6.798745393753051758e-01 -2.704835534095764160e-01
6.991733312606811523e-01 6.655154824256896973e-01 -2.612390518188476562e-01
7.155305147171020508e-01 6.515795588493347168e-01 -2.519125938415527344e-01
7.308478951454162598e-01 6.379876732826232910e-01 -2.425553500652313232e-01
7.452611327171325684e-01 6.246599555015563965e-01 -2.332076430320739746e-01
7.588927745819091797e-01 6.115152835845947266e-01 -2.238988876342773438e-01
7.718486785888671875e-01 5.984773635864257812e-01 -2.146498113870620728e-01
7.842236757278442383e-01 5.854688286781311035e-01 -2.054737806320190430e-01
7.960985302925109863e-01 5.724188089370727539e-01 -1.963767409324645996e-01
8.075438141822814941e-01 5.592581629753112793e-01 -1.873583197593688965e-01
8.186209797859191895e-01 5.459204912185668945e-01 -1.784111410379409790e-01
8.293824791908264160e-01 5.323416590690612793e-01 -1.695203930139541626e-01
8.398744463920593262e-01 5.184563994407653809e-01 -1.606670618057250977e-01
8.501350283622741699e-01 5.042016506195068359e-01 -1.518260389566421509e-01
8.601977229118347168e-01 4.895099699497222900e-01 -1.429679095745086670e-01
8.700891733169555664e-01 4.743134379386901855e-01 -1.340583860874176025e-01
8.798303604125976562e-01 4.585391879081726074e-01 -1.250610500574111938e-01
8.894326090812683105e-01 4.421170353889465332e-01 -1.159403622150421143e-01
8.989011049270629883e-01 4.249706864356994629e-01 -1.066616922616958618e-01
9.082289934158325195e-01 4.070298075675964355e-01 -9.719473868608474731e-02
9.173998832702636719e-01 3.882246613502502441e-01 -8.751535415649414062e-02
9.263848066329956055e-01 3.684941530227661133e-01 -7.760953158140182495e-02
9.351421594619750977e-01 3.477874100208282471e-01 -6.747584044933319092e-02
9.436184167861938477e-01 3.260689079761505127e-01 -5.712542310357093811e-02
9.517487287521362305e-01 3.033214211463928223e-01 -4.658874496817588806e-02
9.594591259956359863e-01 2.795500457286834717e-01 -3.591601178050041199e-02
9.666690826416015625e-01 2.547884285449981689e-01 -2.517563849687576294e-02
9.732963442802429199e-01 2.290966510772705078e-01 -1.445739902555942535e-02
9.792614579200744629e-01 2.025636285543441772e-01 -3.871740307658910751e-03
9.844918251037597656e-01 1.753116697072982788e-01 6.452824454754590988e-03
9.889283180236816406e-01 1.474880427122116089e-01 1.637366227805614471e-02
9.925289750099182129e-01 1.192634627223014832e-01 2.573909424245357513e-02
9.952723383903503418e-01 9.082996100187301636e-02 3.439309448003768921e-02
9.971600770950317383e-01 6.238857284188270569e-02 4.218373820185661316e-02
9.982166290283203125e-01 3.414648771286010742e-02 4.896561428904533386e-02
9.984880089759826660e-01 6.311389151960611343e-03 5.460615456104278564e-02
9.980392456054687500e-01 -2.091917768120765686e-02 5.899187549948692322e-02
9.969499111175537109e-01 -4.736337438225746155e-02 6.202813237905502319e-02
9.953102469444274902e-01 -7.285251468420028687e-02 6.364019960165023804e-02
9.932157993316650391e-01 -9.723786264657974243e-02 6.377429515123367310e-02
9.907639026641845703e-01 -1.203898712992668152e-01 6.239520385861396790e-02
9.880487918853759766e-01 -1.422018259763717651e-01 5.948308482766151428e-02
9.851592183113098145e-01 -1.625811606645584106e-01 5.503347888588905334e-02
9.821751713752746582e-01 -1.814548075199127197e-01 4.905220121145248413e-02
9.791656136512756348e-01 -1.987659633159637451e-01 4.155469685792922974e-02
9.761872887611389160e-01 -2.144714295864105225e-01 3.256459906697273254e-02
9.732823967933654785e-01 -2.285438328981399536e-01 2.211398817598819733e-02
9.704797863960266113e-01 -2.409647703170776367e-01 1.024113781750202179e-02
9.677922129631042480e-01 -2.517321407794952393e-01 -3.006482962518930435e-03
9.652187228202819824e-01 -2.608523964881896973e-01 -1.756960339844226837e-02
9.627438187599182129e-01 -2.683472037315368652e-01 -3.337705880403518677e-02
9.603404402732849121e-01 -2.742479145526885986e-01 -5.034116283059120178e-02
9.579708576202392578e-01 -2.786022424697875977e-01 -6.835759431123733521e-02
9.555910825729370117e-01 -2.814679145812988281e-01 -8.730120211839675903e-02
9.531525969505310059e-01 -2.829242050647735596e-01 -1.070237457752227783e-01
9.506078362464904785e-01 -2.830649614334106445e-01 -1.273531019687652588e-01
9.479139447212219238e-01 -2.820063531398773193e-01 -1.480932235717773438e-01
9.450368285179138184e-01 -2.798837125301361084e-01 -1.690279990434646606e-01
9.419564008712768555e-01 -2.768538594245910645e-01 -1.899212747812271118e-01
9.386689066886901855e-01 -2.730950415134429932e-01 -2.105229943990707397e-01
9.351899623870849609e-01 -2.688004076480865479e-01 -2.305774688720703125e-01
9.315556287765502930e-01 -2.641794383525848389e-01 -2.498267889022827148e-01
9.278209805488586426e-01 -2.594486474990844727e-01 -2.680198848247528076e-01
9.240580201148986816e-01 -2.548304200172424316e-01 -2.849180698394775391e-01
9.203519821166992188e-01 -2.505417168140411377e-01 -3.003015220165252686e-01
9.167970418930053711e-01 -2.467895597219467163e-01 -3.139716386795043945e-01
9.134894013404846191e-01 -2.437674105167388916e-01 -3.257522881031036377e-01
9.105223417282104492e-01 -2.416491061449050903e-01 -3.354918062686920166e-01
9.079813957214355469e-01 -2.405832707881927490e-01 -3.430591821670532227e-01
9.059384465217590332e-01 -2.406925261020660400e-01 -3.483427464962005615e-01
9.044485688209533691e-01 -2.420694828033447266e-01 -3.512481153011322021e-01
9.035463929176330566e-01 -2.447760403156280518e-01 -3.516938686370849609e-01
9.032440185546875000e-01 -2.488432824611663818e-01 -3.496101498603820801e-01
9.035306572914123535e-01 -2.542682588100433350e-01 -3.449348211288452148e-01
9.043701887130737305e-01 -2.610157728195190430e-01 -3.376171886920928955e-01
9.057040214538574219e-01 -2.690149545669555664e-01 -3.276143670082092285e-01
9.074496626853942871e-01 -2.781614959239959717e-01 -3.148990869522094727e-01
9.095047116279602051e-01 -2.883141040802001953e-01 -2.994599938392639160e-01
9.117493629455566406e-01 -2.992950975894927979e-01 -2.813103497028350830e-01
9.140500426292419434e-01 -3.108942508697509766e-01 -2.604944109916687012e-01
9.162666201591491699e-01 -3.228644430637359619e-01 -2.370952069759368896e-01
9.182575345039367676e-01 -3.349302709102630615e-01 -2.112457305192947388e-01
9.198908209800720215e-01 -3.467910885810852051e-01 -1.831306964159011841e-01
9.210515022277832031e-01 -3.581300675868988037e-01 -1.529935747385025024e-01
9.216514229774475098e-01 -3.686248064041137695e-01 -1.211382746696472168e-01
9.216381311416625977e-01 -3.779577910900115967e-01 -8.792635053396224976e-02
9.210013747215270996e-01 -3.858303427696228027e-01 -5.376987531781196594e-02
9.197781682014465332e-01 -3.919727206230163574e-01 -1.911791786551475525e-02
9.180506467819213867e-01 -3.961577415466308594e-01 1.555604767054319382e-02
9.159455299377441406e-01 -3.982040286064147949e-01 4.977269098162651062e-02
9.136241078376770020e-01 -3.979838788509368896e-01 8.306563645601272583e-02
9.112741947174072266e-01 -3.954187631607055664e-01 1.149927452206611633e-01
9.090965986251831055e-01 -3.904791474342346191e-01 1.451527625322341919e-01
9.072922468185424805e-01 -3.831768333911895752e-01 1.731943786144256592e-01
9.060491919517517090e-01 -3.735584318637847900e-01 1.988190561532974243e-01
9.055311083793640137e-01 -3.616960644721984863e-01 2.217866480350494385e-01
9.058666825294494629e-01 -3.476831018924713135e-01 2.419132441282272339e-01
9.071413278579711914e-01 -3.316276967525482178e-01 2.590706646442413330e-01
9.093930721282958984e-01 -3.136486113071441650e-01 2.731829881668090820e-01
9.126067757606506348e-01 -2.938756346702575684e-01 2.842287123203277588e-01
9.167160391807556152e-01 -2.724491357803344727e-01 2.922382056713104248e-01
9.216030836105346680e-01 -2.495278716087341309e-01 2.972938716411590576e-01
9.271067380905151367e-01 -2.252838462591171265e-01 2.995334267616271973e-01
9.330282807350158691e-01 -1.999165415763854980e-01 2.991514205932617188e-01
9.391457438468933105e-01 -1.736455410718917847e-01 2.963992655277252197e-01
9.452267289161682129e-01 -1.467172950506210327e-01 2.915827035903930664e-01
9.510427117347717285e-01 -1.193987354636192322e-01 2.850643694400787354e-01
9.563858509063720703e-01 -9.197317808866500854e-02 2.772492170333862305e-01
9.610806703567504883e-01 -6.473353505134582520e-02 2.685768902301788330e-01
9.649938344955444336e-01 -3.796770796179771423e-02 2.595096230506896973e-01
9.680398702621459961e-01 -1.195084210485219955e-02 2.505115270614624023e-01
9.701785445213317871e-01 1.306214649230241776e-02 2.420392334461212158e-01
9.714124202728271484e-01 3.684877231717109680e-02 2.345209866762161255e-01
9.717767834663391113e-01 5.921876430511474609e-02 2.283484637737274170e-01
9.713292717933654785e-01 8.001749217510223389e-02 2.238674610853195190e-01
9.701393246650695801e-01 9.912393242120742798e-02 2.213686555624008179e-01
9.682767987251281738e-01 1.164474040269851685e-01 2.210882902145385742e-01
9.658035635948181152e-01 1.319234222173690796e-01 2.232034504413604736e-01
9.627667665481567383e-01 1.455056518316268921e-01 2.278339713811874390e-01
9.591947793960571289e-01 1.571664363145828247e-01 2.350405454635620117e-01
9.550952315330505371e-01 1.668905317783355713e-01 2.448277920484542847e-01
9.504566788673400879e-01 1.746733933687210083e-01 2.571406662464141846e-01
9.452503919601440430e-01 1.805237382650375366e-01 2.718690633773803711e-01
9.394369721412658691e-01 1.844617575407028198e-01 2.888459563255310059e-01
9.329726696014404297e-01 1.865246593952178955e-01 3.078485131263732910e-01
9.258165359497070312e-01 1.867667883634567261e-01 3.286058306694030762e-01
9.179400205612182617e-01 1.852647215127944946e-01 3.508033156394958496e-01
9.093344807624816895e-01 1.821178197860717773e-01 3.740908503532409668e-01
9.000163078308105469e-01 1.774531751871109009e-01 3.980968296527862549e-01
8.900322914123535156e-01 1.714177727699279785e-01 4.224435389041900635e-01
8.794602155685424805e-01 1.641778796911239624e-01 4.467609226703643799e-01
8.684066534042358398e-01 1.559160053730010986e-01 4.707019627094268799e-01
8.570010066032409668e-01 1.468204706907272339e-01 4.939563572406768799e-01
8.453893661499023438e-01 1.370793879032135010e-01 5.162615776062011719e-01
8.337236642837524414e-01 1.268732696771621704e-01 5.374087095260620117e-01
8.221539258956909180e-01 1.163675189018249512e-01 5.572445392608642578e-01
8.108192682266235352e-01 1.057079508900642395e-01 5.756717324256896973e-01
7.998419404029846191e-01 9.501649439334869385e-02 5.926421880722045898e-01
7.893224954605102539e-01 8.439252525568008423e-02 6.081512570381164551e-01
7.793369293212890625e-01 7.390776276588439941e-02 6.222310662269592285e-01
7.699378728866577148e-01 6.361445784568786621e-02 6.349399685859680176e-01
7.611560225486755371e-01 5.354223400354385376e-02 6.463550925254821777e-01
7.530010342597961426e-01 4.370392858982086182e-02 6.565663218498229980e-01
7.454681992530822754e-01 3.409936279058456421e-02 6.656683683395385742e-01
7.385402917861938477e-01 2.471769414842128754e-02 6.737560629844665527e-01
7.321923971176147461e-01 1.553933974355459213e-02 6.809207201004028320e-01
7.263948917388916016e-01 6.542761810123920441e-03 6.872464418411254883e-01
7.211175560951232910e-01 -2.298645442351698875e-03 6.928089261054992676e-01
7.163300514221191406e-01 -1.101050432771444321e-02 6.976746916770935059e-01
7.120041251182556152e-01 -1.961867883801460266e-02 7.019010782241821289e-01
7.081155180931091309e-01 -2.814701013267040253e-02 7.055354118347167969e-01
7.046397924423217773e-01 -3.661973774433135986e-02 7.086196541786193848e-01
7.015567421913146973e-01 -4.505889490246772766e-02 7.111876606941223145e-01
6.988456845283508301e-01 -5.348498746752738953e-02 7.132700085639953613e-01
6.964846253395080566e-01 -6.191911175847053528e-02 7.148952484130859375e-01
6.944488286972045898e-01 -7.038436084985733032e-02 7.160914540290832520e-01
6.927093267440795898e-01 -7.890284061431884766e-02 7.168877720832824707e-01
6.912313103675842285e-01 -8.750183135271072388e-02 7.173162698745727539e-01
6.899726986885070801e-01 -9.620763361454010010e-02 7.174133062362670898e-01
6.888827085494995117e-01 -1.050497069954872131e-01 7.172203660011291504e-01
6.879028677940368652e-01 -1.140585243701934814e-01 7.167847752571105957e-01
6.869649887084960938e-01 -1.232638433575630188e-01 7.161599993705749512e-01
6.859948039054870605e-01 -1.326938420534133911e-01 7.154044508934020996e-01
6.849108934402465820e-01 -1.423715502023696899e-01 7.145820260047912598e-01
6.836284995079040527e-01 -1.523136496543884277e-01 7.137594819068908691e-01
6.820617914199829102e-01 -1.625287383794784546e-01 7.130050659179687500e-01
6.801255941390991211e-01 -1.730141192674636841e-01 7.123869657516479492e-01
6.777412295341491699e-01 -1.837532371282577515e-01 7.119702696800231934e-01
6.748382449150085449e-01 -1.947148293256759644e-01 7.118142247200012207e-01
6.713603138923645020e-01 -2.058532685041427612e-01 7.119689583778381348e-01
6.672658324241638184e-01 -2.171067595481872559e-01 7.124752998352050781e-01
6.625356078147888184e-01 -2.283991277217864990e-01 7.133585214614868164e-01
6.571736335754394531e-01 -2.396426796913146973e-01 7.146286964416503906e-01
6.512098312377929688e-01 -2.507379949092864990e-01 7.162795066833496094e-01
6.446996927261352539e-01 -2.615809440612792969e-01 7.182880640029907227e-01
6.377268433570861816e-01 -2.720640301704406738e-01 7.206146717071533203e-01
6.303980350494384766e-01 -2.820836901664733887e-01 7.232061624526977539e-01
6.228418350219726562e-01 -2.915414869785308838e-01 7.259969115257263184e-01
6.152054667472839355e-01 -3.003498911857604980e-01 7.289116978645324707e-01
6.076467037200927734e-01 -3.084335029125213623e-01 7.318703532218933105e-01
6.003295183181762695e-01 -3.157326877117156982e-01 7.347907423973083496e-01
5.934188365936279297e-01 -3.222025334835052490e-01 7.375903725624084473e-01
5.870736837387084961e-01 -3.278139233589172363e-01 7.401909232139587402e-01
5.814420580863952637e-01 -3.325519859790802002e-01 7.425189018249511719e-01
5.766579508781433105e-01 -3.364140689373016357e-01 7.445073127746582031e-01
5.728346109390258789e-01 -3.394101262092590332e-01 7.460973858833312988e-01
5.700668096542358398e-01 -3.415571749210357666e-01 7.472365498542785645e-01
5.684255361557006836e-01 -3.428810834884643555e-01 7.478803396224975586e-01
5.679591894149780273e-01 -3.434110879898071289e-01 7.479914426803588867e-01
5.686941742897033691e-01 -3.431808054447174072e-01 7.475385069847106934e-01
5.706350207328796387e-01 -3.422246873378753662e-01 7.464972138404846191e-01
5.737644433975219727e-01 -3.405793607234954834e-01 7.448489665985107422e-01
5.780475139617919922e-01 -3.382792472839355469e-01 7.425820231437683105e-01
5.834303498268127441e-01 -3.353598415851593018e-01 7.396909594535827637e-01
5.898439288139343262e-01 -3.318535983562469482e-01 7.361775636672973633e-01
5.972045063972473145e-01 -3.277918100357055664e-01 7.320514321327209473e-01
6.054167151451110840e-01 -3.232030570507049561e-01 7.273309826850891113e-01
6.143755912780761719e-01 -3.181148171424865723e-01 7.220426201820373535e-01
6.239677071571350098e-01 -3.125514388084411621e-01 7.162233591079711914e-01
6.340749859809875488e-01 -3.065359592437744141e-01 7.099186778068542480e-01
6.445753574371337891e-01 -3.000898659229278564e-01 7.031846642494201660e-01
6.553441882133483887e-01 -2.932349145412445068e-01 6.960871219635009766e-01
6.662583351135253906e-01 -2.859924733638763428e-01 6.887002587318420410e-01
6.771944165229797363e-01 -2.783861160278320312e-01 6.811085343360900879e-01
6.880319118499755859e-01 -2.704413533210754395e-01 6.734044551849365234e-01
6.986547112464904785e-01 -2.621861398220062256e-01 6.656876802444458008e-01
7.089496850967407227e-01 -2.536543011665344238e-01 6.580651998519897461e-01
7.188092470169067383e-01 -2.448848485946655273e-01 6.506494879722595215e-01
7.281303405761718750e-01 -2.359217256307601929e-01 6.435581445693969727e-01
7.368159294128417969e-01 -2.268168926239013672e-01 6.369116306304931641e-01
7.447747588157653809e-01 -2.176293283700942993e-01 6.308311820030212402e-01
7.519202232360839844e-01 -2.084249407052993774e-01 6.254398226737976074e-01
7.581726312637329102e-01 -1.992781162261962891e-01 6.208562850952148438e-01
7.634586095809936523e-01 -1.902682632207870483e-01 6.171942949295043945e-01
7.677130699157714844e-01 -1.814793050289154053e-01 6.145583391189575195e-01
7.708759307861328125e-01 -1.729993671178817749e-01 6.130427718162536621e-01
7.728981375694274902e-01 -1.649157255887985229e-01 6.127245426177978516e-01
7.737380266189575195e-01 -1.573131233453750610e-01 6.136628389358520508e-01
7.733646035194396973e-01 -1.502737700939178467e-01 6.158936023712158203e-01
7.717584371566772461e-01 -1.438706666231155396e-01 6.194272637367248535e-01
7.689132094383239746e-01 -1.381692141294479370e-01 6.242448091506958008e-01
7.648390531539916992e-01 -1.332213133573532104e-01 6.302961707115173340e-01
7.595631480216979980e-01 -1.290658861398696899e-01 6.374996304512023926e-01
7.531329393386840820e-01 -1.257263571023941040e-01 6.457426548004150391e-01
7.456195354461669922e-01 -1.232069581747055054e-01 6.548827886581420898e-01
7.371194362640380859e-01 -1.214954853057861328e-01 6.647508740425109863e-01
7.277538776397705078e-01 -1.205602809786796570e-01 6.751588582992553711e-01
7.176710367202758789e-01 -1.203496456146240234e-01 6.859039068222045898e-01
7.070432305335998535e-01 -1.207957640290260315e-01 6.967770457267761230e-01
6.960652470588684082e-01 -1.218125224113464355e-01 7.075697183609008789e-01
6.849492192268371582e-01 -1.232989430427551270e-01 7.180820703506469727e-01
6.739196777343750000e-01 -1.251429766416549683e-01 7.281287312507629395e-01
6.632083654403686523e-01 -1.272216588258743286e-01 7.375428080558776855e-01
6.530464291572570801e-01 -1.294062286615371704e-01 7.461799383163452148e-01
6.436573863029479980e-01 -1.315666437149047852e-01 7.539199590682983398e-01
6.352529525756835938e-01 -1.335717290639877319e-01 7.606656551361083984e-01
6.280250549316406250e-01 -1.352963447570800781e-01 7.663415670394897461e-01
6.221398711204528809e-01 -1.366216689348220825e-01 7.708932757377624512e-01
6.177361011505126953e-01 -1.374367475509643555e-01 7.742823362350463867e-01
6.149178147315979004e-01 -1.376443058252334595e-01 7.764857411384582520e-01
6.137540340423583984e-01 -1.371580362319946289e-01 7.774919271469116211e-01
6.142749786376953125e-01 -1.359058916568756104e-01 7.773002982139587402e-01
6.164723038673400879e-01 -1.338293999433517456e-01 7.759198546409606934e-01
6.202970743179321289e-01 -1.308871060609817505e-01 7.733693122863769531e-01
6.256623268127441406e-01 -1.270520389080047607e-01 7.696780562400817871e-01
6.324461102485656738e-01 -1.223147734999656677e-01 7.648862600326538086e-01
6.404922604560852051e-01 -1.166810765862464905e-01 7.590488791465759277e-01
6.496179699897766113e-01 -1.101750582456588745e-01 7.522352933883666992e-01
6.596202850341796875e-01 -1.028340160846710205e-01 7.445309162139892578e-01
6.702830195426940918e-01 -9.471161663532257080e-02 7.360369563102722168e-01
6.813852190971374512e-01 -8.587612956762313843e-02 7.268695831298828125e-01
6.927108168601989746e-01 -7.640559971332550049e-02 7.171568274497985840e-01
7.040560841560363770e-01 -6.638743728399276733e-02 7.070344090461730957e-01
7.152371406555175781e-01 -5.591513589024543762e-02 6.966413855552673340e-01
7.260950207710266113e-01 -4.508443176746368408e-02 6.861146688461303711e-01
7.364997267723083496e-01 -3.399224951863288879e-02 6.755832433700561523e-01
7.463516592979431152e-01 -2.273351326584815979e-02 6.651633977890014648e-01
7.555817365646362305e-01 -1.139994617551565170e-02 6.549552083015441895e-01
7.641481757164001465e-01 -7.766649650875478983e-05 6.450406908988952637e-01
7.720342278480529785e-01 1.114658545702695847e-02 6.354832649230957031e-01
7.792434096336364746e-01 2.219266816973686218e-02 6.263283491134643555e-01
7.857976555824279785e-01 3.298211842775344849e-02 6.176036596298217773e-01
7.917289733886718750e-01 4.343514144420623779e-02 6.093263626098632812e-01
7.970791459083557129e-01 5.347359552979469299e-02 6.015026569366455078e-01
8.018937706947326660e-01 6.301800906658172607e-02 5.941338539123535156e-01
8.062207102775573730e-01 7.198714464902877808e-02 5.872189402580261230e-01
8.101058006286621094e-01 8.029994368553161621e-02 5.807585716247558594e-01
8.135917782783508301e-01 8.787622302770614624e-02 5.747575163841247559e-01
8.167159557342529297e-01 9.463665634393692017e-02 5.692266821861267090e-01
8.195078969001770020e-01 1.005069017410278320e-01 5.641852617263793945e-01
8.219903707504272461e-01 1.054211407899856567e-01 5.596590638160705566e-01
8.241754770278930664e-01 1.093226373195648193e-01 5.556827783584594727e-01
8.260670900344848633e-01 1.121692135930061340e-01 5.522964000701904297e-01
8.276585340499877930e-01 1.139363273978233337e-01 5.495451688766479492e-01
8.289349079132080078e-01 1.146194785833358765e-01 5.474753379821777344e-01
8.298720121383666992e-01 1.142390295863151550e-01 5.461335778236389160e-01
8.304393887519836426e-01 1.128388419747352600e-01 5.455619096755981445e-01
8.305999636650085449e-01 1.104933321475982666e-01 5.457975864410400391e-01
8.303143382072448730e-01 1.073019057512283325e-01 5.468677878379821777e-01
8.295421600341796875e-01 1.033921092748641968e-01 5.487895011901855469e-01
8.282448053359985352e-01 9.891708195209503174e-02 5.515667796134948730e-01
8.263881802558898926e-01 9.405165910720825195e-02 5.551909208297729492e-01
8.239457607269287109e-01 8.898890763521194458e-02 5.596376657485961914e-01
8.209007978439331055e-01 8.393371105194091797e-02 5.648691058158874512e-01
8.172479271888732910e-01 7.909741252660751343e-02 5.708321928977966309e-01
8.129951953887939453e-01 7.469147443771362305e-02 5.774600505828857422e-01
8.081637024879455566e-01 7.091932743787765503e-02 5.846724510192871094e-01
8.027887940406799316e-01 6.796886026859283447e-02 5.923768877983093262e-01
7.969183325767517090e-01 6.600643694400787354e-02 6.004701256752014160e-01
7.906110882759094238e-01 6.517008692026138306e-02 6.088407039642333984e-01
7.839372158050537109e-01 6.556533277034759521e-02 6.173682808876037598e-01
7.769743204116821289e-01 6.726137548685073853e-02 6.259288191795349121e-01
7.698066234588623047e-01 7.028903812170028687e-02 6.343951821327209473e-01
7.625222206115722656e-01 7.464195042848587036e-02 6.426417827606201172e-01
7.552127242088317871e-01 8.027912676334381104e-02 6.505451798439025879e-01
7.479686141014099121e-01 8.713036030530929565e-02 6.579903364181518555e-01
7.408788800239562988e-01 9.509759396314620972e-02 6.648720502853393555e-01
7.340270876884460449e-01 1.040671914815902710e-01 6.710991859436035156e-01
7.274898886680603027e-01 1.139125302433967590e-01 6.765961647033691406e-01
7.213320136070251465e-01 1.245031356811523438e-01 6.813069581985473633e-01
7.156053781509399414e-01 1.357102245092391968e-01 6.851944923400878906e-01
7.103468179702758789e-01 1.474133133888244629e-01 6.882417201995849609e-01
7.055741548538208008e-01 1.595042794942855835e-01 6.904516816139221191e-01
7.012878060340881348e-01 1.718903481960296631e-01 6.918446421623229980e-01
6.974684000015258789e-01 1.844958513975143433e-01 6.924586892127990723e-01
6.940782070159912109e-01 1.972654461860656738e-01 6.923451423645019531e-01
6.910603046417236328e-01 2.101637870073318481e-01 6.915683746337890625e-01
6.883409023284912109e-01 2.231751531362533569e-01 6.902027130126953125e-01
6.858286261558532715e-01 2.363030761480331421e-01 6.883313655853271484e-01
6.834161281585693359e-01 2.495710253715515137e-01 6.860443353652954102e-01
6.809790730476379395e-01 2.630212008953094482e-01 6.834378838539123535e-01
6.783766150474548340e-01 2.767137289047241211e-01 6.806133985519409180e-01
6.754496693611145020e-01 2.907294034957885742e-01 6.776756048202514648e-01
6.720169782638549805e-01 3.051665723323822021e-01 6.747344732284545898e-01
6.678736209869384766e-01 3.201459348201751709e-01 6.719013452529907227e-01
6.627828478813171387e-01 3.358094394207000732e-01 6.692914366722106934e-01
6.564701199531555176e-01 3.523233532905578613e-01 6.670197844505310059e-01
6.486122012138366699e-01 3.698786795139312744e-01 6.652007102966308594e-01
6.388237476348876953e-01 3.886953294277191162e-01 6.639428138732910156e-01
6.266399621963500977e-01 4.090184867382049561e-01 6.633447408676147461e-01
6.114947795867919922e-01 4.311199784278869629e-01 6.634830236434936523e-01
5.926955938339233398e-01 4.552858769893646240e-01 6.643995046615600586e-01
5.693938136100769043e-01 4.818033874034881592e-01 6.660752296447753906e-01
5.405569076538085938e-01 5.109266042709350586e-01 6.683951616287231445e-01
5.049505233764648438e-01 5.428217053413391113e-01 6.710957288742065430e-01
4.611469507217407227e-01 5.774736404418945312e-01 6.736969351768493652e-01
4.075987040996551514e-01 6.145511269569396973e-01 6.754184961318969727e-01
3.428193032741546631e-01 6.532323956489562988e-01 6.751018166542053223e-01
2.657308578491210938e-01 6.920211911201477051e-01 6.711882948875427246e-01
1.762002259492874146e-01 7.286535501480102539e-01 6.618289351463317871e-01
7.564605772495269775e-02 7.602468132972717285e-01 6.452149748802185059e-01
-3.254999965429306030e-02 7.838251590728759766e-01 6.201279163360595703e-01
-1.432531028985977173e-01 7.971593141555786133e-01 5.865284800529479980e-01
-2.505741417407989502e-01 7.995591163635253906e-01 5.458184480667114258e-01
-3.492780327796936035e-01 7.921186685562133789e-01 5.005525946617126465e-01
-4.358955025672912598e-01 7.772693634033203125e-01 4.537041187286376953e-01
-5.090258121490478516e-01 7.579498291015625000e-01 4.079273045063018799e-01
-5.689510107040405273e-01 7.368679046630859375e-01 3.651309013366699219e-01
-6.169607639312744141e-01 7.161108255386352539e-01 3.264118134975433350e-01
-6.547490954399108887e-01 6.970740556716918945e-01 2.922182381153106689e-01
-6.840237379074096680e-01 6.805667877197265625e-01 2.625648975372314453e-01
-7.063063383102416992e-01 6.669757366180419922e-01 2.372232228517532349e-01
-7.228605151176452637e-01 6.564138531684875488e-01 2.158553749322891235e-01
-7.346938252449035645e-01 6.488325595855712891e-01 1.980943828821182251e-01
-7.425848245620727539e-01 6.440996527671813965e-01 1.835847795009613037e-01
-7.471209764480590820e-01 6.420468688011169434e-01 1.720060557126998901e-01
-7.487332820892333984e-01 6.425001025199890137e-01 1.630710810422897339e-01
-7.477267384529113770e-01 6.452935338020324707e-01 1.565280854701995850e-01
-7.443070411682128906e-01 6.502745747566223145e-01 1.521515846252441406e-01
-7.385989427566528320e-01 6.573058366775512695e-01 1.497349441051483154e-01
-7.306658625602722168e-01 6.662591695785522461e-01 1.490845829248428345e-01
-7.205252051353454590e-01 6.770082712173461914e-01 1.500108242034912109e-01
-7.081654071807861328e-01 6.894193291664123535e-01 1.523240059614181519e-01
-6.935609579086303711e-01 7.033417224884033203e-01 1.558318287134170532e-01
-6.766932010650634766e-01 7.185956835746765137e-01 1.603323072195053101e-01
-6.575690507888793945e-01 7.349653244018554688e-01 1.656174063682556152e-01
-6.362429261207580566e-01 7.521913051605224609e-01 1.714734137058258057e-01
-6.128392815589904785e-01 7.699719071388244629e-01 1.776831448078155518e-01
-5.875696539878845215e-01 7.879680395126342773e-01 1.840330660343170166e-01
-5.607500672340393066e-01 8.058145642280578613e-01 1.903216391801834106e-01
-5.328024029731750488e-01 8.231418728828430176e-01 1.963648498058319092e-01
-5.042513608932495117e-01 8.395975232124328613e-01 2.020062953233718872e-01
-4.757054448127746582e-01 8.548709154129028320e-01 2.071230113506317139e-01
-4.478249847888946533e-01 8.687153458595275879e-01 2.116283029317855835e-01
-4.212827384471893311e-01 8.809615373611450195e-01 2.154706567525863647e-01
-3.967256247997283936e-01 8.915216922760009766e-01 2.186269462108612061e-01
-3.747259974479675293e-01 9.003878831863403320e-01 2.210929542779922485e-01
-3.557509779930114746e-01 9.076173305511474609e-01 2.228719890117645264e-01
-3.401354253292083740e-01 9.133176803588867188e-01 2.239613533020019531e-01
-3.280605375766754150e-01 9.176316261291503906e-01 2.243399322032928467e-01
-3.195499479770660400e-01 9.207224249839782715e-01 2.239599525928497314e-01
-3.144612312316894531e-01 9.227676987648010254e-01 2.227418124675750732e-01
-3.124987483024597168e-01 9.239550232887268066e-01 2.205709517002105713e-01
-3.132152259349822998e-01 9.244866371154785156e-01 2.173032313585281372e-01
-3.160350918769836426e-01 9.245816469192504883e-01 2.127688527107238770e-01
-3.202715218067169189e-01 9.244829416275024414e-01 2.067788690328598022e-01
-3.251538574695587158e-01 9.244557023048400879e-01 1.991399079561233521e-01
-3.298595547676086426e-01 9.247823357582092285e-01 1.896582990884780884e-01
-3.335433900356292725e-01 9.257491827011108398e-01 1.781494617462158203e-01
-3.353719115257263184e-01 9.276224374771118164e-01 1.644451320171356201e-01
-3.345492780208587646e-01 9.306212663650512695e-01 1.483944356441497803e-01
-3.303457796573638916e-01 9.348821640014648438e-01 1.298730671405792236e-01
-3.221242427825927734e-01 9.404262304306030273e-01 1.087864339351654053e-01
-3.093636631965637207e-01 9.471294879913330078e-01 8.508750796318054199e-02
-2.916919291019439697e-01 9.547042846679687500e-01 5.878467485308647156e-02
-2.689172625541687012e-01 9.626970887184143066e-01 2.996549755334854126e-02
-2.410694211721420288e-01 9.705071449279785156e-01 -1.183171523734927177e-03
-2.085791081190109253e-01 9.774042367935180664e-01 -3.428789600729942322e-02
-1.738336682319641113e-01 9.824184179306030273e-01 -6.808698922395706177e-02
-1.411964744329452515e-01 9.853192567825317383e-01 -9.596601128578186035e-02
-1.146843954920768738e-01 9.875097274780273438e-01 -1.080371737480163574e-01
