-7.281084060668945312e-01 6.349269151687622070e-01 2.583137452602386475e-01
-7.373242378234863281e-01 6.299405097961425781e-01 2.439834028482437134e-01
-7.454619407653808594e-01 6.248719692230224609e-01 2.319947034120559692e-01
-7.524983286857604980e-01 6.180504560470581055e-01 2.275078147649765015e-01
-7.608083486557006836e-01 6.085954904556274414e-01 2.253490686416625977e-01
-7.703718543052673340e-01 5.975971221923828125e-01 2.222722321748733521e-01
-7.804930806159973145e-01 5.857711434364318848e-01 2.184092551469802856e-01
-7.909144163131713867e-01 5.732704401016235352e-01 2.140455245971679688e-01
-8.013973236083984375e-01 5.602661967277526855e-01 2.094376534223556519e-01
-8.117246031761169434e-01 5.469481945037841797e-01 2.048189342021942139e-01
-8.217043876647949219e-01 5.335176587104797363e-01 2.004015892744064331e-01
-8.311715126037597656e-01 5.201829671859741211e-01 1.963758319616317749e-01
-8.399870991706848145e-01 5.071537494659423828e-01 1.929166764020919800e-01
-8.480374813079833984e-01 4.946340322494506836e-01 1.901833713054656982e-01
-8.552319407463073730e-01 4.828171730041503906e-01 1.883238106966018677e-01
-8.614996671676635742e-01 4.718811810016632080e-01 1.874741017818450928e-01
-8.667862415313720703e-01 4.619843065738677979e-01 1.877555996179580688e-01
-8.710514903068542480e-01 4.532615542411804199e-01 1.892702430486679077e-01
-8.742663860321044922e-01 4.458216428756713867e-01 1.920974254608154297e-01
-8.764116168022155762e-01 4.397443830966949463e-01 1.962842643260955811e-01
-8.774774074554443359e-01 4.350802004337310791e-01 2.018379569053649902e-01
-8.774644732475280762e-01 4.318483769893646240e-01 2.087175846099853516e-01
-8.763852119445800781e-01 4.300410449504852295e-01 2.168262600898742676e-01
-8.742697238922119141e-01 4.296205043792724609e-01 2.260058075189590454e-01
-8.711690306663513184e-01 4.305266737937927246e-01 2.360325157642364502e-01
-8.671607375144958496e-01 4.326792955398559570e-01 2.466188669204711914e-01
-8.623544573783874512e-01 4.359843730926513672e-01 2.574148476123809814e-01
-8.568935990333557129e-01 4.403414130210876465e-01 2.680163681507110596e-01
-8.509566783905029297e-01 4.456482231616973877e-01 2.779756486415863037e-01
-8.447517752647399902e-01 4.518091082572937012e-01 2.868151664733886719e-01
-8.385108709335327148e-01 4.587353169918060303e-01 2.940431535243988037e-01
-8.324748277664184570e-01 4.663506746292114258e-01 2.991700172424316406e-01
-8.268795013427734375e-01 4.745859205722808838e-01 3.017259240150451660e-01
-8.219372630119323730e-01 4.833742082118988037e-01 3.012782931327819824e-01
-8.178201913833618164e-01 4.926394522190093994e-01 2.974497079849243164e-01
-8.146426081657409668e-01 5.022845864295959473e-01 2.899442613124847412e-01
-8.124487400054931641e-01 5.121747255325317383e-01 2.785749435424804688e-01
-8.112086057662963867e-01 5.221217870712280273e-01 2.633047699928283691e-01
-8.108223676681518555e-01 5.318744182586669922e-01 2.442880421876907349e-01
-8.111392855644226074e-01 5.411114692687988281e-01 2.219265252351760864e-01
-8.119900822639465332e-01 5.494537949562072754e-01 1.969076097011566162e-01
-8.132340908050537109e-01 5.564805269241333008e-01 1.702337414026260376e-01
-8.148090839385986328e-01 5.617626309394836426e-01 1.432094275951385498e-01
-8.167729377746582031e-01 5.648924708366394043e-01 1.173817664384841919e-01
-8.193181157112121582e-01 5.655084252357482910e-01 9.443581104278564453e-02
-8.227481245994567871e-01 5.632956027984619141e-01 7.604943215847015381e-02
-8.274122476577758789e-01 5.579668879508972168e-01 6.373240053653717041e-02
-8.336099982261657715e-01 5.492275953292846680e-01 5.868108198046684265e-02
-8.414852023124694824e-01 5.367525815963745117e-01 6.163880974054336548e-02
-8.509434461593627930e-01 5.201880931854248047e-01 7.279840856790542603e-02
-8.616166114807128906e-01 4.992021322250366211e-01 9.172827005386352539e-02
-8.729006648063659668e-01 4.735744297504425049e-01 1.173527464270591736e-01
-8.840609788894653320e-01 4.433141648769378662e-01 1.480164676904678345e-01
-8.943955302238464355e-01 4.087380468845367432e-01 1.816310733556747437e-01
-9.033867716789245605e-01 3.704935312271118164e-01 2.159326225519180298e-01
-9.108026027679443359e-01 3.294842541217803955e-01 2.487544566392898560e-01
-9.167037010192871094e-01 2.867339849472045898e-01 2.782768011093139648e-01
-9.213730692863464355e-01 2.432331889867782593e-01 3.031653761863708496e-01
-9.252012968063354492e-01 1.998170614242553711e-01 3.226076066493988037e-01
-9.285780191421508789e-01 1.571039855480194092e-01 3.362459838390350342e-01
-9.318134188652038574e-01 1.154907867312431335e-01 3.440722525119781494e-01
-9.350972771644592285e-01 7.517708837985992432e-02 3.463256955146789551e-01
-9.384961724281311035e-01 3.621562197804450989e-02 3.433852195739746094e-01
-9.419633746147155762e-01 -1.446453970856964588e-03 3.357126414775848389e-01
-9.453657269477844238e-01 -3.793160244822502136e-02 3.237975537776947021e-01
-9.485076665878295898e-01 -7.340363413095474243e-02 3.081316053867340088e-01
-9.511548876762390137e-01 -1.080571487545967102e-01 2.891851365566253662e-01
-9.530511498451232910e-01 -1.421082913875579834e-01 2.673925161361694336e-01
-9.539288282394409180e-01 -1.757950931787490845e-01 2.431375980377197266e-01
-9.535111784934997559e-01 -2.093821913003921509e-01 2.167383432388305664e-01
-9.515068531036376953e-01 -2.431643903255462646e-01 1.884297579526901245e-01
-9.475940465927124023e-01 -2.774729132652282715e-01 1.583486348390579224e-01
-9.413948059082031250e-01 -3.126837611198425293e-01 1.265091300010681152e-01
-9.324382543563842773e-01 -3.492110669612884521e-01 9.279396384954452515e-02
-9.201054573059082031e-01 -3.875120580196380615e-01 5.692330747842788696e-02
-9.035623669624328613e-01 -4.280592501163482666e-01 1.845013350248336792e-02
-8.816610574722290039e-01 -4.713098406791687012e-01 -2.325811237096786499e-02
-8.528264760971069336e-01 -5.176148414611816406e-01 -6.900580227375030518e-02
-8.149241805076599121e-01 -5.670688748359680176e-01 -1.197137907147407532e-01
-7.651578187942504883e-01 -6.192410588264465332e-01 -1.762783080339431763e-01
-7.000970840454101562e-01 -6.727622747421264648e-01 -2.392800450325012207e-01
-6.160582304000854492e-01 -7.247903943061828613e-01 -3.084658980369567871e-01
-5.101260542869567871e-01 -7.705892920494079590e-01 -3.820517361164093018e-01
-3.819796741008758545e-01 -8.037607073783874512e-01 -4.561361968517303467e-01
-2.358888685703277588e-01 -8.178019523620605469e-01 -5.249345898628234863e-01
-8.120079338550567627e-02 -8.088408708572387695e-01 -5.823941230773925781e-01
7.010653614997863770e-02 -7.777975201606750488e-01 -6.245927214622497559e-01
2.076528817415237427e-01 -7.300201654434204102e-01 -6.511150598526000977e-01
3.255974054336547852e-01 -6.726761460304260254e-01 -6.644495725631713867e-01
4.227454364299774170e-01 -6.121265888214111328e-01 -6.682718992233276367e-01
5.009196400642395020e-01 -5.527200698852539062e-01 -6.660180687904357910e-01
5.631992220878601074e-01 -4.968457520008087158e-01 -6.602658033370971680e-01
6.128025650978088379e-01 -4.454984366893768311e-01 -6.526899933815002441e-01
6.525695919990539551e-01 -3.988472819328308105e-01 -6.442621946334838867e-01
6.848216056823730469e-01 -3.566405773162841797e-01 -6.354736685752868652e-01
7.113872766494750977e-01 -3.184532821178436279e-01 -6.265106797218322754e-01
7.336830496788024902e-01 -2.838187515735626221e-01 -6.173784732818603516e-01
7.528018355369567871e-01 -2.522977292537689209e-01 -6.079763174057006836e-01
7.695891857147216797e-01 -2.235055416822433472e-01 -5.981452465057373047e-01
7.847009897232055664e-01 -1.971227675676345825e-01 -5.876963734626770020e-01
7.986471056938171387e-01 -1.728979349136352539e-01 -5.764278769493103027e-01
8.118267655372619629e-01 -1.506418883800506592e-01 -5.641314983367919922e-01
8.245461583137512207e-01 -1.302261501550674438e-01 -5.506040453910827637e-01
8.370376825332641602e-01 -1.115754544734954834e-01 -5.356481075286865234e-01
8.494685292243957520e-01 -9.466344863176345825e-02 -5.190780758857727051e-01
8.619464039802551270e-01 -7.950536161661148071e-02 -5.007267594337463379e-01
8.745237588882446289e-01 -6.615345180034637451e-02 -4.804496467113494873e-01
8.871977925300598145e-01 -5.468715727329254150e-02 -4.581368863582611084e-01
8.999129533767700195e-01 -4.520323127508163452e-02 -4.337204098701477051e-01
9.125625491142272949e-01 -3.780360519886016846e-02 -4.071859419345855713e-01
9.249914288520812988e-01 -3.258368372917175293e-02 -3.785883486270904541e-01
9.370049238204956055e-01 -2.961407229304313660e-02 -3.480584621429443359e-01
9.483804702758789062e-01 -2.892605774104595184e-02 -3.158130049705505371e-01
9.588835835456848145e-01 -3.049619868397712708e-02 -2.821564376354217529e-01
9.682896137237548828e-01 -3.423353657126426697e-02 -2.474738955497741699e-01
9.764045476913452148e-01 -3.997650370001792908e-02 -2.122169286012649536e-01
9.830865859985351562e-01 -4.748884961009025574e-02 -1.768774241209030151e-01
9.882608056068420410e-01 -5.647058412432670593e-02 -1.419568955898284912e-01
9.919269680976867676e-01 -6.657323986291885376e-02 -1.079305037856101990e-01
9.941573739051818848e-01 -7.741961628198623657e-02 -7.521534711122512817e-02
9.950863718986511230e-01 -8.862499892711639404e-02 -4.414442181587219238e-02
9.948931336402893066e-01 -9.982061386108398438e-02 -1.494982186704874039e-02
9.937820434570312500e-01 -1.106678023934364319e-01 1.224384456872940063e-02
9.919627308845520020e-01 -1.208732351660728455e-01 3.741149976849555969e-02
9.896337389945983887e-01 -1.301931142807006836e-01 6.061886996030807495e-02
9.869706630706787109e-01 -1.384350806474685669e-01 8.200364559888839722e-02
9.841179251670837402e-01 -1.454564779996871948e-01 1.017564237117767334e-01
9.811859726905822754e-01 -1.511597782373428345e-01 1.201037019491195679e-01
9.782516360282897949e-01 -1.554835289716720581e-01 1.372905224561691284e-01
9.753598570823669434e-01 -1.583987474441528320e-01 1.535675972700119019e-01
9.725281000137329102e-01 -1.598984152078628540e-01 1.691795736551284790e-01
9.697496891021728516e-01 -1.599944829940795898e-01 1.843568682670593262e-01
9.669988155364990234e-01 -1.587091684341430664e-01 1.993104964494705200e-01
9.642338156700134277e-01 -1.560733318328857422e-01 2.142293155193328857e-01
9.614014625549316406e-01 -1.521196961402893066e-01 2.292744964361190796e-01
9.584394693374633789e-01 -1.468833088874816895e-01 2.445793300867080688e-01
9.552796483039855957e-01 -1.403986811637878418e-01 2.602482736110687256e-01
9.518498778343200684e-01 -1.326966881752014160e-01 2.763572037220001221e-01
9.480778574943542480e-01 -1.238065809011459351e-01 2.929510474205017090e-01
9.438912272453308105e-01 -1.137570366263389587e-01 3.100464046001434326e-01
9.392210841178894043e-01 -1.025746837258338928e-01 3.276311159133911133e-01
9.340044856071472168e-01 -9.028763324022293091e-02 3.456643521785736084e-01
9.281852245330810547e-01 -7.692651450634002686e-02 3.640802502632141113e-01
9.217182397842407227e-01 -6.252582371234893799e-02 3.827871084213256836e-01
9.145696759223937988e-01 -4.712649434804916382e-02 4.016732871532440186e-01
9.067203402519226074e-01 -3.077633492648601532e-02 4.206078648567199707e-01
8.981675505638122559e-01 -1.353211607784032822e-02 4.394449293613433838e-01
8.889256119728088379e-01 4.538659006357192993e-03 4.580290913581848145e-01
8.790271282196044922e-01 2.336216531693935394e-02 4.761990010738372803e-01
8.685234189033508301e-01 4.285397753119468689e-02 4.937921166419982910e-01
8.574837446212768555e-01 6.292255222797393799e-02 5.106489658355712891e-01
8.459945321083068848e-01 8.347032219171524048e-02 5.266174674034118652e-01
8.341561555862426758e-01 1.043961495161056519e-01 5.415577888488769531e-01
8.220815658569335938e-01 1.255973875522613525e-01 5.553442239761352539e-01
8.098933696746826172e-01 1.469711065292358398e-01 5.678663253784179688e-01
7.977187037467956543e-01 1.684184819459915161e-01 5.790337920188903809e-01
7.856873273849487305e-01 1.898465007543563843e-01 5.887730121612548828e-01
7.739272117614746094e-01 2.111684381961822510e-01 5.970298051834106445e-01
7.625612616539001465e-01 2.323072999715805054e-01 6.037662625312805176e-01
7.517048120498657227e-01 2.531950771808624268e-01 6.089597940444946289e-01
7.414620518684387207e-01 2.737742662429809570e-01 6.126024127006530762e-01
7.319245338439941406e-01 2.939965426921844482e-01 6.146969795227050781e-01
7.231696844100952148e-01 3.138220012187957764e-01 6.152570843696594238e-01
7.152591347694396973e-01 3.332189321517944336e-01 6.143040657043457031e-01
7.082377672195434570e-01 3.521601259708404541e-01 6.118680238723754883e-01
7.021346688270568848e-01 3.706206679344177246e-01 6.079861521720886230e-01
6.969623565673828125e-01 3.885775804519653320e-01 6.027030348777770996e-01
6.927174925804138184e-01 4.060042202472686768e-01 5.960730314254760742e-01
6.893808245658874512e-01 4.228714108467102051e-01 5.881613492965698242e-01
6.869201660156250000e-01 4.391443133354187012e-01 5.790448784828186035e-01
6.852903366088867188e-01 4.547807872295379639e-01 5.688159465789794922e-01
6.844348311424255371e-01 4.697324037551879883e-01 5.575844645500183105e-01
6.842884421348571777e-01 4.839442670345306396e-01 5.454788208007812500e-01
6.847796440124511719e-01 4.973577558994293213e-01 5.326463580131530762e-01
6.858321428298950195e-01 5.099104046821594238e-01 5.192549824714660645e-01
6.873685717582702637e-01 5.215414166450500488e-01 5.054888129234313965e-01
6.893104910850524902e-01 5.321944355964660645e-01 4.915486872196197510e-01
6.915835142135620117e-01 5.418198704719543457e-01 4.776437282562255859e-01
6.941185593605041504e-01 5.503770112991333008e-01 4.639876782894134521e-01
6.968502998352050781e-01 5.578388571739196777e-01 4.507941603660583496e-01
6.997209191322326660e-01 5.641932487487792969e-01 4.382652938365936279e-01
7.026790976524353027e-01 5.694418549537658691e-01 4.265890121459960938e-01
7.056785225868225098e-01 5.736017823219299316e-01 4.159312844276428223e-01
7.086784243583679199e-01 5.767052173614501953e-01 4.064307510852813721e-01
7.116405963897705078e-01 5.787988901138305664e-01 3.981952369213104248e-01
7.145298123359680176e-01 5.799422860145568848e-01 3.912978768348693848e-01
7.173125743865966797e-01 5.802063345909118652e-01 3.857761621475219727e-01
7.199554443359375000e-01 5.796746015548706055e-01 3.816299140453338623e-01
7.224268317222595215e-01 5.784394145011901855e-01 3.788235783576965332e-01
7.246955037117004395e-01 5.766029357910156250e-01 3.772870898246765137e-01
7.267341017723083496e-01 5.742753744125366211e-01 3.769155442714691162e-01
7.285190820693969727e-01 5.715728402137756348e-01 3.775770068168640137e-01
7.300322055816650391e-01 5.686163306236267090e-01 3.791152834892272949e-01
7.312623262405395508e-01 5.655301809310913086e-01 3.813542127609252930e-01
7.322070002555847168e-01 5.624381899833679199e-01 3.841044902801513672e-01
7.328722476959228516e-01 5.594614148139953613e-01 3.871708214282989502e-01
7.332730889320373535e-01 5.567139983177185059e-01 3.903589248657226562e-01
7.334320545196533203e-01 5.543012619018554688e-01 3.934811353683471680e-01
7.333787679672241211e-01 5.523154735565185547e-01 3.963625431060791016e-01
7.331460118293762207e-01 5.508331656455993652e-01 3.988479673862457275e-01
7.327694892883300781e-01 5.499130487442016602e-01 4.008048474788665771e-01
7.322831153869628906e-01 5.495960116386413574e-01 4.021265506744384766e-01
7.317182421684265137e-01 5.499039888381958008e-01 4.027333259582519531e-01
7.311012744903564453e-01 5.508406758308410645e-01 4.025735557079315186e-01
7.304524779319763184e-01 5.523936748504638672e-01 4.016221165657043457e-01
7.297855615615844727e-01 5.545361042022705078e-01 3.998785316944122314e-01
7.291065454483032227e-01 5.572294592857360840e-01 3.973651528358459473e-01
7.284148335456848145e-01 5.604264140129089355e-01 3.941244184970855713e-01
7.277058362960815430e-01 5.640719532966613770e-01 3.902140855789184570e-01
7.269690036773681641e-01 5.681084990501403809e-01 3.857055902481079102e-01
7.261929512023925781e-01 5.724748373031616211e-01 3.806787729263305664e-01
7.253630757331848145e-01 5.771116614341735840e-01 3.752205669879913330e-01
7.244655489921569824e-01 5.819613337516784668e-01 3.694194555282592773e-01
7.234883308410644531e-01 5.869690179824829102e-01 3.633620738983154297e-01
7.224210500717163086e-01 5.920842885971069336e-01 3.571330010890960693e-01
7.212563157081604004e-01 5.972626209259033203e-01 3.508087694644927979e-01
7.199904322624206543e-01 6.024643778800964355e-01 3.444566428661346436e-01
7.186240553855895996e-01 6.076552867889404297e-01 3.381338119506835938e-01
7.171618342399597168e-01 6.128067374229431152e-01 3.318835198879241943e-01
7.156136631965637207e-01 6.178938150405883789e-01 3.257366120815277100e-01
7.139930725097656250e-01 6.228968501091003418e-01 3.197083771228790283e-01
7.123181223869323730e-01 6.277984380722045898e-01 3.138023614883422852e-01
7.106118202209472656e-01 6.325843334197998047e-01 3.080064654350280762e-01
7.088999748229980469e-01 6.372416615486145020e-01 3.022978603839874268e-01
7.072110772132873535e-01 6.417595744132995605e-01 2.966428995132446289e-01
7.055767178535461426e-01 6.461277008056640625e-01 2.909992337226867676e-01
7.040296196937561035e-01 6.503363847732543945e-01 2.853156030178070068e-01
7.026039361953735352e-01 6.543754935264587402e-01 2.795363068580627441e-01
7.013328075408935547e-01 6.582352519035339355e-01 2.736028730869293213e-01
7.002502679824829102e-01 6.619051098823547363e-01 2.674532234668731689e-01
6.993874907493591309e-01 6.653737425804138184e-01 2.610267698764801025e-01
6.987742185592651367e-01 6.686285734176635742e-01 2.542641460895538330e-01
6.984375715255737305e-01 6.716560721397399902e-01 2.471093982458114624e-01
6.983996629714965820e-01 6.744413375854492188e-01 2.395134121179580688e-01
6.986786127090454102e-01 6.769686341285705566e-01 2.314337939023971558e-01
6.992875933647155762e-01 6.792203783988952637e-01 2.228375822305679321e-01
7.002333402633666992e-01 6.811780333518981934e-01 2.137046754360198975e-01
7.015157938003540039e-01 6.828232407569885254e-01 2.040292173624038696e-01
7.031284570693969727e-01 6.841368079185485840e-01 1.938223540782928467e-01
7.050580382347106934e-01 6.851004362106323242e-01 1.831133961677551270e-01
7.072845101356506348e-01 6.856972575187683105e-01 1.719531416893005371e-01
7.097815275192260742e-01 6.859134435653686523e-01 1.604146212339401245e-01
7.125179171562194824e-01 6.857392191886901855e-01 1.485932618379592896e-01
7.154596447944641113e-01 6.851687431335449219e-01 1.366065740585327148e-01
7.185702919960021973e-01 6.842029094696044922e-01 1.245921030640602112e-01
7.218142151832580566e-01 6.828482747077941895e-01 1.127046048641204834e-01
7.251582145690917969e-01 6.811186671257019043e-01 1.011084318161010742e-01
7.285722494125366211e-01 6.790336966514587402e-01 8.997629582881927490e-02
7.320316433906555176e-01 6.766187548637390137e-01 7.947771996259689331e-02
7.355194091796875000e-01 6.739012598991394043e-01 6.977261602878570557e-02
7.390236854553222656e-01 6.709117889404296875e-01 6.100410595536231995e-02
7.425399422645568848e-01 6.676782965660095215e-01 5.329266563057899475e-02
7.460687756538391113e-01 6.642271280288696289e-01 4.673010110855102539e-02
7.496155500411987305e-01 6.605788469314575195e-01 4.137589782476425171e-02
7.531895041465759277e-01 6.567476987838745117e-01 3.725622594356536865e-02
7.568019032478332520e-01 6.527404189109802246e-01 3.436407446861267090e-02
7.604649662971496582e-01 6.485570669174194336e-01 3.266137465834617615e-02
7.641913890838623047e-01 6.441911458969116211e-01 3.208262100815773010e-02
7.679935693740844727e-01 6.396304965019226074e-01 3.253825381398200989e-02
7.718825936317443848e-01 6.348595023155212402e-01 3.392099961638450623e-02
7.758686542510986328e-01 6.298601031303405762e-01 3.611055016517639160e-02
7.799600958824157715e-01 6.246141195297241211e-01 3.897851705551147461e-02
7.841640114784240723e-01 6.191037297248840332e-01 4.239499941468238831e-02
7.884848117828369141e-01 6.133143305778503418e-01 4.622960835695266724e-02
7.929245233535766602e-01 6.072351932525634766e-01 5.035949498414993286e-02
7.974832057952880859e-01 6.008592844009399414e-01 5.466867610812187195e-02
8.021570444107055664e-01 5.941860079765319824e-01 5.905091017484664917e-02
8.069397211074829102e-01 5.872197747230529785e-01 6.341327726840972900e-02
8.118207454681396484e-01 5.799719691276550293e-01 6.767349690198898315e-02
8.167856335639953613e-01 5.724607110023498535e-01 7.176282256841659546e-02
8.218157887458801270e-01 5.647121667861938477e-01 7.562401890754699707e-02
8.268887400627136230e-01 5.567589402198791504e-01 7.921135425567626953e-02
8.319780230522155762e-01 5.486419796943664551e-01 8.248966187238693237e-02
8.370531797409057617e-01 5.404102206230163574e-01 8.543336391448974609e-02
8.420803546905517578e-01 5.321202874183654785e-01 8.802650868892669678e-02
8.470228314399719238e-01 5.238375067710876465e-01 9.025870263576507568e-02
8.518413901329040527e-01 5.156341195106506348e-01 9.212885051965713501e-02
8.564956188201904297e-01 5.075893402099609375e-01 9.363903850317001343e-02
8.609439134597778320e-01 4.997890293598175049e-01 9.479683637619018555e-02
8.651444911956787109e-01 4.923242628574371338e-01 9.561280161142349243e-02
8.690566420555114746e-01 4.852891862392425537e-01 9.609932452440261841e-02
8.726403117179870605e-01 4.787806868553161621e-01 9.627015143632888794e-02
8.758578300476074219e-01 4.728956520557403564e-01 9.613925218582153320e-02
8.786731958389282227e-01 4.677298665046691895e-01 9.571954607963562012e-02
8.810526728630065918e-01 4.633752405643463135e-01 9.502418339252471924e-02
8.829652070999145508e-01 4.599181413650512695e-01 9.406270086765289307e-02
8.843818902969360352e-01 4.574368298053741455e-01 9.284513443708419800e-02
8.852760195732116699e-01 4.560002982616424561e-01 9.137833863496780396e-02
8.856241106986999512e-01 4.556637704372406006e-01 8.966934680938720703e-02
8.854042887687683105e-01 4.564686715602874756e-01 8.772405236959457397e-02
8.845991492271423340e-01 4.584384560585021973e-01 8.554847538471221924e-02
8.831933736801147461e-01 4.615794420242309570e-01 8.314953744411468506e-02
8.811772465705871582e-01 4.658759534358978271e-01 8.053656667470932007e-02
8.785458803176879883e-01 4.712924957275390625e-01 7.772112637758255005e-02
8.753008842468261719e-01 4.777712523937225342e-01 7.471922039985656738e-02
8.714520335197448730e-01 4.852340221405029297e-01 7.154963910579681396e-02
8.670169115066528320e-01 4.935839176177978516e-01 6.823837012052536011e-02
8.620233535766601562e-01 5.027075409889221191e-01 6.481413543224334717e-02
8.565088510513305664e-01 5.124778151512145996e-01 6.131165847182273865e-02
8.505207896232604980e-01 5.227593779563903809e-01 5.776770412921905518e-02
8.441168665885925293e-01 5.334102511405944824e-01 5.422372743487358093e-02
8.373632431030273438e-01 5.442886352539062500e-01 5.072253942489624023e-02
8.303324580192565918e-01 5.552566051483154297e-01 4.730793461203575134e-02
8.231034278869628906e-01 5.661825537681579590e-01 4.402400553226470947e-02
8.157576322555541992e-01 5.769450068473815918e-01 4.091354086995124817e-02
8.083777427673339844e-01 5.874352455139160156e-01 3.801739588379859924e-02
8.010445237159729004e-01 5.975587368011474609e-01 3.537469357252120972e-02
7.938361763954162598e-01 6.072344183921813965e-01 3.302149847149848938e-02
7.868247628211975098e-01 6.163979172706604004e-01 3.099134564399719238e-02
7.800765633583068848e-01 6.249969601631164551e-01 2.931524999439716339e-02
7.736486792564392090e-01 6.329949498176574707e-01 2.802077494561672211e-02
7.675898671150207520e-01 6.403667330741882324e-01 2.713452093303203583e-02
7.619395256042480469e-01 6.470985412597656250e-01 2.667821943759918213e-02
7.567269206047058105e-01 6.531867384910583496e-01 2.667270787060260773e-02
7.519714236259460449e-01 6.586369276046752930e-01 2.713599056005477905e-02
7.476827502250671387e-01 6.634620428085327148e-01 2.808332815766334534e-02
7.438609004020690918e-01 6.676818728446960449e-01 2.952802181243896484e-02
7.404964566230773926e-01 6.713224649429321289e-01 3.148080036044120789e-02
7.375712990760803223e-01 6.744152903556823730e-01 3.395004197955131531e-02
7.350584268569946289e-01 6.769966483116149902e-01 3.694080188870429993e-02
7.329232096672058105e-01 6.791074275970458984e-01 4.045528173446655273e-02
7.311235666275024414e-01 6.807926893234252930e-01 4.449212551116943359e-02
7.296105027198791504e-01 6.821019053459167480e-01 4.904508963227272034e-02
7.283295392990112305e-01 6.830878853797912598e-01 5.410247296094894409e-02
7.272217869758605957e-01 6.838058829307556152e-01 5.964808911085128784e-02
7.262245416641235352e-01 6.843149662017822266e-01 6.565751135349273682e-02
7.252737879753112793e-01 6.846746802330017090e-01 7.209961861371994019e-02
7.243056893348693848e-01 6.849457025527954102e-01 7.893428951501846313e-02
7.232576012611389160e-01 6.851883530616760254e-01 8.611241728067398071e-02
7.220718264579772949e-01 6.854603290557861328e-01 9.357538819313049316e-02
7.206966876983642578e-01 6.858161687850952148e-01 1.012547537684440613e-01
7.190878987312316895e-01 6.863059401512145996e-01 1.090722456574440002e-01
7.172115445137023926e-01 6.869733929634094238e-01 1.169406697154045105e-01
7.150434851646423340e-01 6.878564357757568359e-01 1.247649788856506348e-01
7.125722169876098633e-01 6.889843344688415527e-01 1.324436813592910767e-01
7.097972035408020020e-01 6.903795599937438965e-01 1.398712098598480225e-01
7.067291736602783203e-01 6.920567154884338379e-01 1.469400227069854736e-01
7.033890485763549805e-01 6.940233111381530762e-01 1.535428315401077271e-01
6.998068094253540039e-01 6.962801218032836914e-01 1.595757603645324707e-01
6.960185766220092773e-01 6.988222002983093262e-01 1.649412512779235840e-01
6.920657157897949219e-01 7.016397118568420410e-01 1.695490032434463501e-01
6.879919767379760742e-01 7.047179341316223145e-01 1.733195036649703979e-01
6.838420629501342773e-01 7.080391049385070801e-01 1.761836558580398560e-01
6.796595454216003418e-01 7.115811705589294434e-01 1.780873835086822510e-01
6.754847168922424316e-01 7.153204679489135742e-01 1.789890974760055542e-01
6.713546514511108398e-01 7.192294001579284668e-01 1.788629740476608276e-01
6.673011183738708496e-01 7.232788205146789551e-01 1.776991784572601318e-01
6.633508801460266113e-01 7.274365425109863281e-01 1.755037456750869751e-01
6.595253348350524902e-01 7.316684722900390625e-01 1.723008006811141968e-01
6.558408141136169434e-01 7.359380125999450684e-01 1.681307554244995117e-01
6.523091793060302734e-01 7.402071356773376465e-01 1.630527377128601074e-01
6.489381790161132812e-01 7.444359660148620605e-01 1.571441143751144409e-01
6.457323431968688965e-01 7.485850453376770020e-01 1.504998058080673218e-01
6.426945328712463379e-01 7.526142001152038574e-01 1.432329416275024414e-01
6.398250460624694824e-01 7.564857602119445801e-01 1.354741156101226807e-01
6.371244192123413086e-01 7.601642608642578125e-01 1.273684948682785034e-01
6.345922350883483887e-01 7.636188268661499023e-01 1.190755963325500488e-01
6.322281956672668457e-01 7.668236494064331055e-01 1.107651144266128540e-01
6.300327181816101074e-01 7.697592377662658691e-01 1.026137769222259521e-01
6.280052661895751953e-01 7.724131941795349121e-01 9.480132907629013062e-02
6.261457204818725586e-01 7.747802138328552246e-01 8.750461786985397339e-02
6.244532465934753418e-01 7.768619060516357422e-01 8.089381456375122070e-02
6.229234933853149414e-01 7.786671519279479980e-01 7.512564957141876221e-02
6.215512156486511230e-01 7.802093029022216797e-01 7.033776491880416870e-02
6.203269958496093750e-01 7.815069556236267090e-01 6.664340943098068237e-02
6.192381978034973145e-01 7.825803160667419434e-01 6.412556767463684082e-02
6.182697415351867676e-01 7.834503650665283203e-01 6.283342838287353516e-02
6.174036264419555664e-01 7.841375470161437988e-01 6.277829408645629883e-02
6.166216135025024414e-01 7.846596240997314453e-01 6.392969191074371338e-02
6.159072518348693848e-01 7.850310206413269043e-01 6.621595472097396851e-02
6.152477860450744629e-01 7.852621078491210938e-01 6.952425092458724976e-02
6.146371364593505859e-01 7.853590250015258789e-01 7.370361685752868652e-02
6.140789985656738281e-01 7.853242754936218262e-01 7.856667786836624146e-02
6.135876774787902832e-01 7.851567864418029785e-01 8.389954268932342529e-02
6.131896376609802246e-01 7.848530411720275879e-01 8.946633338928222656e-02
6.129240989685058594e-01 7.844078540802001953e-01 9.501825273036956787e-02
6.128416657447814941e-01 7.838140130043029785e-01 1.003034561872482300e-01
6.130017042160034180e-01 7.830636501312255859e-01 1.050729900598526001e-01
6.134703159332275391e-01 7.821464538574218750e-01 1.090923622250556946e-01
6.143161058425903320e-01 7.810502648353576660e-01 1.121436059474945068e-01
6.156058907508850098e-01 7.797600626945495605e-01 1.140336468815803528e-01
6.174013614654541016e-01 7.782567739486694336e-01 1.145946457982063293e-01
6.197550892829895020e-01 7.765172719955444336e-01 1.136865839362144470e-01
6.227071285247802734e-01 7.745136022567749023e-01 1.111960783600807190e-01
6.262838840484619141e-01 7.722123265266418457e-01 1.070353165268898010e-01
6.304947733879089355e-01 7.695758342742919922e-01 1.011399775743484497e-01
6.353318691253662109e-01 7.665619850158691406e-01 9.346702694892883301e-02
6.407693624496459961e-01 7.631252408027648926e-01 8.399094641208648682e-02
6.467621922492980957e-01 7.592186331748962402e-01 7.270275056362152100e-02
6.532479524612426758e-01 7.547940015792846680e-01 5.960860848426818848e-02
6.601446866989135742e-01 7.498055100440979004e-01 4.472801461815834045e-02
6.673535108566284180e-01 7.442110776901245117e-01 2.809328958392143250e-02
6.747580766677856445e-01 7.379746437072753906e-01 9.749786928296089172e-03
6.822264790534973145e-01 7.310692071914672852e-01 -1.024368125945329666e-02
6.896120309829711914e-01 7.234798073768615723e-01 -3.181494027376174927e-02
6.967565417289733887e-01 7.152054309844970703e-01 -5.487734079360961914e-02
7.034900188446044922e-01 7.062637209892272949e-01 -7.933035492897033691e-02
7.096360325813293457e-01 6.966916918754577637e-01 -1.050588786602020264e-01
7.150130271911621094e-01 6.865489482879638672e-01 -1.319347321987152100e-01
7.194376587867736816e-01 6.759200692176818848e-01 -1.598171442747116089e-01
7.227274775505065918e-01 6.649147272109985352e-01 -1.885557919740676880e-01
7.247040867805480957e-01 6.536691784858703613e-01 -2.179920971393585205e-01
7.251949906349182129e-01 6.423444747924804688e-01 -2.479633688926696777e-01
7.240345478057861328e-01 6.311252713203430176e-01 -2.783071696758270264e-01
7.210643291473388672e-01 6.202176809310913086e-01 -3.088629543781280518e-01
7.161319851875305176e-01 6.098445653915405273e-01 -3.394770920276641846e-01
7.090880870819091797e-01 6.002425551414489746e-01 -3.700040578842163086e-01
6.997817754745483398e-01 5.916567444801330566e-01 -4.003095328807830811e-01
6.880554556846618652e-01 5.843365788459777832e-01 -4.302678108215332031e-01
6.737378239631652832e-01 5.785292387008666992e-01 -4.597621858119964600e-01
6.566357016563415527e-01 5.744761824607849121e-01 -4.886784851551055908e-01
6.365262269973754883e-01 5.724060535430908203e-01 -5.169000625610351562e-01
6.131489872932434082e-01 5.725286006927490234e-01 -5.442970991134643555e-01
5.861994028091430664e-01 5.750255584716796875e-01 -5.707152485847473145e-01
5.553251504898071289e-01 5.800406336784362793e-01 -5.959587693214416504e-01
5.201276540756225586e-01 5.876646637916564941e-01 -6.197721362113952637e-01
4.801715016365051270e-01 5.979155302047729492e-01 -6.418195962905883789e-01
4.350074231624603271e-01 6.107135415077209473e-01 -6.616626381874084473e-01
3.842124342918395996e-01 6.258509159088134766e-01 -6.787425875663757324e-01
3.274511694908142090e-01 6.429585218429565430e-01 -6.923726797103881836e-01
2.645659148693084717e-01 6.614771485328674316e-01 -7.017499208450317383e-01
1.956846266984939575e-01 6.806434392929077148e-01 -7.059971094131469727e-01
1.213349997997283936e-01 6.995058655738830566e-01 -7.042509317398071289e-01
4.253546893596649170e-02 7.169870734214782715e-01 -6.957874894142150879e-01
-3.918326646089553833e-02 7.319966554641723633e-01 -6.801804304122924805e-01
-1.218568533658981323e-01 7.435817122459411621e-01 -6.574474573135375977e-01
-2.032814919948577881e-01 7.510830163955688477e-01 -6.281328797340393066e-01
-2.812849879264831543e-01 7.542455792427062988e-01 -5.932894945144653320e-01
-3.540021777153015137e-01 7.532428503036499023e-01 -5.543533563613891602e-01
-4.200753271579742432e-01 7.486148476600646973e-01 -5.129449367523193359e-01
-4.787361621856689453e-01 7.411428093910217285e-01 -4.706580936908721924e-01
-5.297683477401733398e-01 7.317056059837341309e-01 -4.288967251777648926e-01
-5.733920335769653320e-01 7.211593389511108398e-01 -3.887812197208404541e-01
-6.100757122039794922e-01 7.102695107460021973e-01 -3.511764407157897949e-01
-6.398807764053344727e-01 6.998336315155029297e-01 -3.174670934677124023e-01
-6.585047841072082520e-01 6.939706802368164062e-01 -2.911632657051086426e-01
-6.660484075546264648e-01 6.907162070274353027e-01 -2.815858125686645508e-01
