7.226105332374572754e-01 -6.905575990676879883e-01 -3.105260245501995087e-02
7.480263113975524902e-01 -6.635868549346923828e-01 1.044712215662002563e-02
7.704691290855407715e-01 -6.357592940330505371e-01 4.677075520157814026e-02
7.899569869041442871e-01 -6.066150069236755371e-01 8.936583995819091797e-02
8.106154799461364746e-01 -5.690830349922180176e-01 1.380112767219543457e-01
8.318141102790832520e-01 -5.214691758155822754e-01 1.901455223560333252e-01
8.521293401718139648e-01 -4.622595608234405518e-01 2.453399151563644409e-01
8.696364760398864746e-01 -3.903099298477172852e-01 3.023087084293365479e-01
8.819691538810729980e-01 -3.056404590606689453e-01 3.587678670883178711e-01
8.868672251701354980e-01 -2.101192325353622437e-01 4.114806652069091797e-01
8.830060362815856934e-01 -1.077480390667915344e-01 4.568266868591308594e-01
8.707429170608520508e-01 -4.125307314097881317e-03 4.917211234569549561e-01
8.522441983222961426e-01 9.488019347190856934e-02 5.144681334495544434e-01
8.308529257774353027e-01 1.845488995313644409e-01 5.250000357627868652e-01
8.100845217704772949e-01 2.620915472507476807e-01 5.244721770286560059e-01
7.928197979927062988e-01 3.265984058380126953e-01 5.145581364631652832e-01
7.809667587280273438e-01 3.784605860710144043e-01 4.968486130237579346e-01
7.754878401756286621e-01 4.187298715114593506e-01 4.725291430950164795e-01
7.766075134277343750e-01 4.486273229122161865e-01 4.422830343246459961e-01
7.840213179588317871e-01 4.692501723766326904e-01 4.063432514667510986e-01
7.970557212829589844e-01 4.814296662807464600e-01 3.645924329757690430e-01
8.147562146186828613e-01 4.856815040111541748e-01 3.166792690753936768e-01
8.359132409095764160e-01 4.822123944759368896e-01 2.621455490589141846e-01
8.590544462203979492e-01 4.709509313106536865e-01 2.005758881568908691e-01
8.824253678321838379e-01 4.516232907772064209e-01 1.317642629146575928e-01
9.039931893348693848e-01 4.238733947277069092e-01 5.592609196901321411e-02
9.215307235717773438e-01 3.874280154705047607e-01 -2.609005570411682129e-02
9.328070282936096191e-01 3.423236012458801270e-01 -1.126305162906646729e-01
9.359110593795776367e-01 2.891159057617187500e-01 -2.012029141187667847e-01
9.296381473541259766e-01 2.290179878473281860e-01 -2.886583209037780762e-01
9.138104915618896484e-01 1.638691872358322144e-01 -3.716143667697906494e-01
8.893749117851257324e-01 9.591151028871536255e-02 -4.470047354698181152e-01
8.582106232643127441e-01 2.744029089808464050e-02 -5.125637054443359375e-01
8.227151632308959961e-01 -3.953742235898971558e-02 -5.670772790908813477e-01
7.853432893753051758e-01 -1.035097539424896240e-01 -6.103455424308776855e-01
7.482446432113647461e-01 -1.635245978832244873e-01 -6.429538726806640625e-01
7.130752801895141602e-01 -2.191119045019149780e-01 -6.659681797027587891e-01
6.809612512588500977e-01 -2.701489031314849854e-01 -6.806697845458984375e-01
6.525630950927734375e-01 -3.167370259761810303e-01 -6.883596777915954590e-01
6.281754374504089355e-01 -3.590838909149169922e-01 -6.902567744255065918e-01
6.078415513038635254e-01 -3.974420428276062012e-01 -6.874361634254455566e-01
5.914448499679565430e-01 -4.320583045482635498e-01 -6.808218955993652344e-01
5.787842869758605957e-01 -4.631605446338653564e-01 -6.711862087249755859e-01
5.696296095848083496e-01 -4.909459054470062256e-01 -6.591618061065673828e-01
5.637609958648681641e-01 -5.155795216560363770e-01 -6.452529430389404297e-01
5.609952211380004883e-01 -5.371974706649780273e-01 -6.298438310623168945e-01
5.612041950225830078e-01 -5.559011101722717285e-01 -6.132078766822814941e-01
5.643267035484313965e-01 -5.717565417289733887e-01 -5.955080389976501465e-01
5.703744888305664062e-01 -5.847818851470947266e-01 -5.768042206764221191e-01
5.794381499290466309e-01 -5.949386358261108398e-01 -5.570452213287353516e-01
5.916895866394042969e-01 -6.021085977554321289e-01 -5.360676646232604980e-01
6.073790788650512695e-01 -6.060717701911926270e-01 -5.135831236839294434e-01
6.268329024314880371e-01 -6.064674258232116699e-01 -4.891602396965026855e-01
6.504353880882263184e-01 -6.027461290359497070e-01 -4.622022211551666260e-01
6.785944104194641113e-01 -5.941066741943359375e-01 -4.319109022617340088e-01
7.116689085960388184e-01 -5.794116854667663574e-01 -3.972524106502532959e-01
7.498255372047424316e-01 -5.571020245552062988e-01 -3.569299280643463135e-01
7.927930951118469238e-01 -5.251186490058898926e-01 -3.094016313552856445e-01
8.394612073898315430e-01 -4.809309542179107666e-01 -2.530024349689483643e-01
8.873475193977355957e-01 -4.217962324619293213e-01 -1.862852871417999268e-01
9.321138858795166016e-01 -3.454680740833282471e-01 -1.086997091770172119e-01
9.676216840744018555e-01 -2.514831423759460449e-01 -2.155095711350440979e-02
9.872087240219116211e-01 -1.426515281200408936e-01 7.119958847761154175e-02
9.862611293792724609e-01 -2.559707872569561005e-02 1.631986796855926514e-01
9.646207094192504883e-01 9.074980020523071289e-02 2.475304156541824341e-01
9.267656207084655762e-01 1.981847733259201050e-01 3.191054463386535645e-01
8.795582652091979980e-01 2.916390895843505859e-01 3.759306967258453369e-01
8.295232653617858887e-01 3.695870935916900635e-01 4.186843335628509521e-01
7.813576459884643555e-01 4.329700171947479248e-01 4.494632184505462646e-01
7.377674579620361328e-01 4.838819503784179688e-01 4.706988930702209473e-01
6.999634504318237305e-01 5.246444344520568848e-01 4.845609664916992188e-01
6.682476401329040527e-01 5.573511719703674316e-01 4.927521944046020508e-01
6.424540281295776367e-01 5.837184190750122070e-01 4.965134859085083008e-01
6.222333908081054688e-01 6.050825119018554688e-01 4.966897666454315186e-01
6.072152853012084961e-01 6.224452257156372070e-01 4.938133358955383301e-01
5.970895886421203613e-01 6.365330219268798828e-01 4.881697297096252441e-01
5.916495919227600098e-01 6.478411555290222168e-01 4.798465073108673096e-01
5.908152461051940918e-01 6.566657423973083496e-01 4.687508344650268555e-01
5.946378707885742188e-01 6.631103754043579102e-01 4.546321034431457520e-01
6.032989025115966797e-01 6.670814752578735352e-01 4.370729327201843262e-01
6.171107888221740723e-01 6.682506799697875977e-01 4.154699742794036865e-01
6.364822983741760254e-01 6.659979820251464844e-01 3.890204727649688721e-01
6.618673801422119141e-01 6.593184471130371094e-01 3.566940724849700928e-01
6.936569809913635254e-01 6.466906070709228516e-01 3.172240257263183594e-01
7.319411635398864746e-01 6.259501576423645020e-01 2.691627442836761475e-01
7.761331200599670410e-01 5.941953659057617188e-01 2.110670357942581177e-01
8.244050741195678711e-01 5.479159355163574219e-01 1.419308334589004517e-01
8.730893135070800781e-01 4.836062788963317871e-01 6.196843460202217102e-02
9.165158867835998535e-01 3.991298973560333252e-01 -2.634380012750625610e-02
9.480425715446472168e-01 2.956085205078125000e-01 -1.176043748855590820e-01
9.625003337860107422e-01 1.786088645458221436e-01 -2.041859030723571777e-01
9.587084054946899414e-01 5.708761513233184814e-02 -2.786023318767547607e-01
9.399096369743347168e-01 -5.979454144835472107e-02 -3.361463844776153564e-01
9.117658138275146484e-01 -1.655943095684051514e-01 -3.758479952812194824e-01
8.797914981842041016e-01 -2.574974000453948975e-01 -3.995772004127502441e-01
8.479068279266357422e-01 -3.354792296886444092e-01 -4.104968309402465820e-01
8.182457089424133301e-01 -4.009840786457061768e-01 -4.119292497634887695e-01
7.915771007537841797e-01 -4.559551775455474854e-01 -4.068298935890197754e-01
7.678232192993164062e-01 -5.023066401481628418e-01 -3.976626694202423096e-01
7.464596629142761230e-01 -5.417091250419616699e-01 -3.864572644233703613e-01
7.267685532569885254e-01 -5.755537152290344238e-01 -3.748937845230102539e-01
7.079900503158569336e-01 -6.049616932868957520e-01 -3.643781542778015137e-01
6.893920898437500000e-01 -6.308306455612182617e-01 -3.560775220394134521e-01
6.703016161918640137e-01 -6.538526415824890137e-01 -3.509595096111297607e-01
6.501225829124450684e-01 -6.745358109474182129e-01 -3.497741222381591797e-01
6.283321380615234375e-01 -6.932143568992614746e-01 -3.530616462230682373e-01
6.044918298721313477e-01 -7.100532650947570801e-01 -3.611287474632263184e-01
5.782540440559387207e-01 -7.250632047653198242e-01 -3.740394711494445801e-01
5.493900179862976074e-01 -7.381172180175781250e-01 -3.916038870811462402e-01
5.178092718124389648e-01 -7.489933371543884277e-01 -4.133794009685516357e-01
4.835906326770782471e-01 -7.574228644371032715e-01 -4.386920034885406494e-01
4.469966888427734375e-01 -7.631520628929138184e-01 -4.666828513145446777e-01
4.084716141223907471e-01 -7.660048007965087891e-01 -4.963744580745697021e-01
3.686135113239288330e-01 -7.659293413162231445e-01 -5.267602205276489258e-01
3.281238377094268799e-01 -7.630297541618347168e-01 -5.568845272064208984e-01
2.877409458160400391e-01 -7.575566768646240234e-01 -5.859292745590209961e-01
2.481693476438522339e-01 -7.498833537101745605e-01 -6.132593154907226562e-01
2.100256532430648804e-01 -7.404553890228271484e-01 -6.384472846984863281e-01
1.737970113754272461e-01 -7.297459840774536133e-01 -6.612604260444641113e-01
1.398270875215530396e-01 -7.182037234306335449e-01 -6.816390156745910645e-01
1.083183437585830688e-01 -7.062217593193054199e-01 -6.996556520462036133e-01
7.934002578258514404e-02 -6.941186785697937012e-01 -7.154749631881713867e-01
5.285334959626197815e-02 -6.821274161338806152e-01 -7.293207049369812012e-01
2.872966602444648743e-02 -6.703961491584777832e-01 -7.414469718933105469e-01
6.768191698938608170e-03 -6.589943766593933105e-01 -7.521173954010009766e-01
-1.328513212502002716e-02 -6.479213237762451172e-01 -7.615914344787597656e-01
-3.172877430915832520e-02 -6.371122598648071289e-01 -7.701177000999450684e-01
-4.889768362045288086e-02 -6.264520883560180664e-01 -7.779246568679809570e-01
-6.515089422464370728e-02 -6.157771944999694824e-01 -7.852221131324768066e-01
-8.087336272001266479e-02 -6.048859953880310059e-01 -7.921946644783020020e-01
-9.646447747945785522e-02 -5.935427546501159668e-01 -7.990003824234008789e-01
-1.123374253511428833e-01 -5.814815163612365723e-01 -8.057664036750793457e-01
-1.289082765579223633e-01 -5.684118866920471191e-01 -8.125826716423034668e-01
-1.465867608785629272e-01 -5.540241003036499023e-01 -8.194934725761413574e-01
-1.657597273588180542e-01 -5.379976034164428711e-01 -8.264878988265991211e-01
-1.867710947990417480e-01 -5.200142860412597656e-01 -8.334876298904418945e-01
-2.098953872919082642e-01 -4.997751414775848389e-01 -8.403384685516357422e-01
-2.353035360574722290e-01 -4.770313501358032227e-01 -8.468018770217895508e-01
-2.630252540111541748e-01 -4.516166448593139648e-01 -8.525609970092773438e-01
-2.929139435291290283e-01 -4.234976768493652344e-01 -8.572345376014709473e-01
-3.246202766895294189e-01 -3.928153216838836670e-01 -8.604172468185424805e-01
-3.575909137725830078e-01 -3.599300980567932129e-01 -8.617302179336547852e-01
-3.910934329032897949e-01 -3.254338502883911133e-01 -8.608941435813903809e-01
-4.242802858352661133e-01 -2.901335358619689941e-01 -8.577929735183715820e-01
-4.562829732894897461e-01 -2.549906969070434570e-01 -8.525172472000122070e-01
-4.863050580024719238e-01 -2.210275828838348389e-01 -8.453722596168518066e-01
-5.137102007865905762e-01 -1.892150044441223145e-01 -8.368389606475830078e-01
-5.380715727806091309e-01 -1.603759229183197021e-01 -8.275013566017150879e-01
-5.591809153556823730e-01 -1.351193189620971680e-01 -8.179605603218078613e-01
-5.770254731178283691e-01 -1.138092800974845886e-01 -8.087577223777770996e-01
-5.917448401451110840e-01 -9.657657146453857422e-02 -8.003193140029907227e-01
-6.035792231559753418e-01 -8.335167169570922852e-02 -7.929341793060302734e-01
-6.128323078155517578e-01 -7.390771806240081787e-02 -7.867491245269775391e-01
-6.198321580886840820e-01 -6.790801882743835449e-02 -7.817906737327575684e-01
-6.249145865440368652e-01 -6.494661420583724976e-02 -7.779870033264160156e-01
-6.284046769142150879e-01 -6.458307057619094849e-02 -7.752010226249694824e-01
-6.306141614913940430e-01 -6.636653840541839600e-02 -7.732537388801574707e-01
-6.318321228027343750e-01 -6.985442340373992920e-02 -7.719510197639465332e-01
-6.323294043540954590e-01 -7.462879270315170288e-02 -7.710966467857360840e-01
-6.323505640029907227e-01 -8.030136674642562866e-02 -7.705091834068298340e-01
-6.321163177490234375e-01 -8.651965856552124023e-02 -7.700281739234924316e-01
-6.318250298500061035e-01 -9.296958893537521362e-02 -7.695152163505554199e-01
-6.316489577293395996e-01 -9.937330335378646851e-02 -7.688592076301574707e-01
-6.317366361618041992e-01 -1.054870560765266418e-01 -7.679722309112548828e-01
-6.322151422500610352e-01 -1.110990345478057861e-01 -7.667862176895141602e-01
-6.331885457038879395e-01 -1.160236895084381104e-01 -7.652521133422851562e-01
-6.347445845603942871e-01 -1.200985535979270935e-01 -7.633320093154907227e-01
-6.369509696960449219e-01 -1.231769323348999023e-01 -7.609998583793640137e-01
-6.398662328720092773e-01 -1.251253634691238403e-01 -7.582313418388366699e-01
-6.435326337814331055e-01 -1.258154362440109253e-01 -7.550075054168701172e-01
-6.479858756065368652e-01 -1.251210272312164307e-01 -7.513049244880676270e-01
-6.532521247863769531e-01 -1.229139417409896851e-01 -7.470968365669250488e-01
-6.593515276908874512e-01 -1.190570294857025146e-01 -7.423481941223144531e-01
-6.662983894348144531e-01 -1.134006306529045105e-01 -7.370120286941528320e-01
-6.740977764129638672e-01 -1.057811453938484192e-01 -7.310284376144409180e-01
-6.827467679977416992e-01 -9.601719677448272705e-02 -7.243186831474304199e-01
-6.922295689582824707e-01 -8.390717208385467529e-02 -7.167829871177673340e-01
-7.025114893913269043e-01 -6.922820210456848145e-02 -7.082973122596740723e-01
-7.135331034660339355e-01 -5.173969641327857971e-02 -6.987084150314331055e-01
-7.252014875411987305e-01 -3.118779882788658142e-02 -6.878300309181213379e-01
-7.373763322830200195e-01 -7.316533476114273071e-03 -6.754424571990966797e-01
-7.498571872711181641e-01 2.011563815176486969e-02 -6.612938642501831055e-01
-7.623734474182128906e-01 5.131169781088829041e-02 -6.450997591018676758e-01
-7.745664119720458984e-01 8.640405535697937012e-02 -6.265630125999450684e-01
-7.859896421432495117e-01 1.254013329744338989e-01 -6.053881645202636719e-01
-7.961097955703735352e-01 1.681421101093292236e-01 -5.813237428665161133e-01
-8.043404221534729004e-01 2.142386883497238159e-01 -5.542004704475402832e-01
-8.100844621658325195e-01 2.630389332771301270e-01 -5.239977240562438965e-01
-8.128177523612976074e-01 3.136133849620819092e-01 -4.908908307552337646e-01
-8.121798038482666016e-01 3.647841215133666992e-01 -4.552982449531555176e-01
-8.080658316612243652e-01 4.152146279811859131e-01 -4.178833067417144775e-01
-8.006873726844787598e-01 4.635311961174011230e-01 -3.795241713523864746e-01
-7.905871272087097168e-01 5.084685683250427246e-01 -3.412208855152130127e-01
-7.785822153091430664e-01 5.489993095397949219e-01 -3.039894998073577881e-01
-7.656726241111755371e-01 5.843958258628845215e-01 -2.687505781650543213e-01
-7.529182434082031250e-01 6.142523288726806641e-01 -2.362375706434249878e-01
-7.413224577903747559e-01 6.384455561637878418e-01 -2.069497853517532349e-01
-7.317457795143127441e-01 6.570640206336975098e-01 -1.811490952968597412e-01
-7.248495221138000488e-01 6.703388690948486328e-01 -1.588678658008575439e-01
-7.210736274719238281e-01 6.785740852355957031e-01 -1.399648785591125488e-01
-7.206298112869262695e-01 6.821120381355285645e-01 -1.241612136363983154e-01
-7.235151529312133789e-01 6.813125014305114746e-01 -1.110816672444343567e-01
-7.295370697975158691e-01 6.765484809875488281e-01 -1.002890393137931824e-01
-7.383337020874023438e-01 6.682234406471252441e-01 -9.132760018110275269e-02
-7.494165301322937012e-01 6.567826271057128906e-01 -8.373364806175231934e-02
-7.622159719467163086e-01 6.427190303802490234e-01 -7.706431299448013306e-02
-7.761201858520507812e-01 6.265845894813537598e-01 -7.091656327247619629e-02
-7.905302643775939941e-01 6.089705824851989746e-01 -6.493680179119110107e-02
-8.049008846282958984e-01 5.904858112335205078e-01 -5.883178859949111938e-02
-8.187661767005920410e-01 5.717338323593139648e-01 -5.236735194921493530e-02
-8.317638635635375977e-01 5.532723665237426758e-01 -4.537136107683181763e-02
-8.436359167098999023e-01 5.355886816978454590e-01 -3.772518411278724670e-02
-8.542188405990600586e-01 5.190840959548950195e-01 -2.935650572180747986e-02
-8.634321093559265137e-01 5.040593147277832031e-01 -2.022853121161460876e-02
-8.712558150291442871e-01 4.907204210758209229e-01 -1.033866032958030701e-02
-8.777155876159667969e-01 4.791819155216217041e-01 3.020099538844078779e-04
-8.828628063201904297e-01 4.694861471652984619e-01 1.166117098182439804e-02
-8.867635726928710938e-01 4.616154432296752930e-01 2.369710989296436310e-02
-8.894896507263183594e-01 4.555066823959350586e-01 3.635780885815620422e-02
-8.911113142967224121e-01 4.510672390460968018e-01 4.958806931972503662e-02
-8.916935324668884277e-01 4.481882452964782715e-01 6.332439184188842773e-02
-8.912952542304992676e-01 4.467512965202331543e-01 7.749862968921661377e-02
-8.899672627449035645e-01 4.466390311717987061e-01 9.204190224409103394e-02
-8.877527117729187012e-01 4.477405250072479248e-01 1.068810671567916870e-01
-8.846867084503173828e-01 4.499548673629760742e-01 1.219425797462463379e-01
-8.807986378669738770e-01 4.531922638416290283e-01 1.371514052152633667e-01
-8.761093616485595703e-01 4.573796391487121582e-01 1.524342894554138184e-01
-8.706343173980712891e-01 4.624563455581665039e-01 1.677201986312866211e-01
-8.643813133239746094e-01 4.683788418769836426e-01 1.829378902912139893e-01
-8.573501706123352051e-01 4.751183986663818359e-01 1.980233639478683472e-01
-8.495319485664367676e-01 4.826627373695373535e-01 2.129134535789489746e-01
-8.409080505371093750e-01 4.910130202770233154e-01 2.275518029928207397e-01
-8.314468264579772949e-01 5.001873373985290527e-01 2.418859004974365234e-01
-8.211007118225097656e-01 5.102196335792541504e-01 2.558701336383819580e-01
-8.098024725914001465e-01 5.211613774299621582e-01 2.694640159606933594e-01
-7.974596619606018066e-01 5.330844521522521973e-01 2.826288044452667236e-01
-7.839469313621520996e-01 5.460829138755798340e-01 2.953315973281860352e-01
-7.690936923027038574e-01 5.602791905403137207e-01 3.075421750545501709e-01
-7.526689171791076660e-01 5.758315324783325195e-01 3.192294538021087646e-01
-7.343572974205017090e-01 5.929431915283203125e-01 3.303601443767547607e-01
-7.137197256088256836e-01 6.118780374526977539e-01 3.408948481082916260e-01
-6.901376843452453613e-01 6.329787969589233398e-01 3.507817387580871582e-01
-6.627129912376403809e-01 6.566962599754333496e-01 3.599465489387512207e-01
-6.301100850105285645e-01 6.836246252059936523e-01 3.682643473148345947e-01
-5.902736186981201172e-01 7.145347595214843750e-01 3.755224049091339111e-01
-5.399121642112731934e-01 7.503988742828369141e-01 3.813088238239288330e-01
-4.735285937786102295e-01 7.922856807708740234e-01 3.847780525684356689e-01
-3.815431594848632812e-01 8.407872319221496582e-01 3.840594887733459473e-01
-2.468766570091247559e-01 8.936679363250732422e-01 3.747126162052154541e-01
-4.085507988929748535e-02 9.373682141304016113e-01 3.459360301494598389e-01
2.667995691299438477e-01 9.237663149833679199e-01 2.747248113155364990e-01
6.331325173377990723e-01 7.614263296127319336e-01 1.391875743865966797e-01
8.900462985038757324e-01 4.553662538528442383e-01 -2.142867073416709900e-02
9.772921204566955566e-01 1.593270152807235718e-01 -1.396959424018859863e-01
9.764077067375183105e-01 -5.581106618046760559e-02 -2.085982412099838257e-01
9.470825791358947754e-01 -2.053476274013519287e-01 -2.467123568058013916e-01
9.109870791435241699e-01 -3.138392567634582520e-01 -2.675956487655639648e-01
8.743482232093811035e-01 -3.974371552467346191e-01 -2.784940302371978760e-01
8.384941220283508301e-01 -4.655155539512634277e-01 -2.832364737987518311e-01
8.033209443092346191e-01 -5.234782695770263672e-01 -2.839823067188262939e-01
7.683870196342468262e-01 -5.744715929031372070e-01 -2.820705771446228027e-01
7.332632541656494141e-01 -6.203334927558898926e-01 -2.784087955951690674e-01
6.976456046104431152e-01 -6.621099710464477539e-01 -2.736804485321044922e-01
6.613897681236267090e-01 -7.003663182258605957e-01 -2.684225440025329590e-01
6.245155930519104004e-01 -7.353718280792236328e-01 -2.630749940872192383e-01
5.871929526329040527e-01 -7.672311663627624512e-01 -2.579938471317291260e-01
5.497112870216369629e-01 -7.959756851196289062e-01 -2.534564137458801270e-01
5.124441981315612793e-01 -8.216280937194824219e-01 -2.496562004089355469e-01
4.758135974407196045e-01 -8.442376255989074707e-01 -2.467068880796432495e-01
4.402478635311126709e-01 -8.639056682586669922e-01 -2.446402162313461304e-01
4.061476290225982666e-01 -8.807905912399291992e-01 -2.434176206588745117e-01
3.738579452037811279e-01 -8.951054215431213379e-01 -2.429329156875610352e-01
3.436613678932189941e-01 -9.070999026298522949e-01 -2.430364787578582764e-01
3.157593309879302979e-01 -9.170523881912231445e-01 -2.435385137796401978e-01
2.902801334857940674e-01 -9.252513647079467773e-01 -2.442280650138854980e-01
2.672867178916931152e-01 -9.319822788238525391e-01 -2.448811978101730347e-01
2.467823773622512817e-01 -9.375185370445251465e-01 -2.452700883150100708e-01
2.287313044071197510e-01 -9.421119689941406250e-01 -2.451674789190292358e-01
2.130623012781143188e-01 -9.459894895553588867e-01 -2.443527579307556152e-01
1.996879279613494873e-01 -9.493486285209655762e-01 -2.426147162914276123e-01
1.885147690773010254e-01 -9.523575305938720703e-01 -2.397440671920776367e-01
1.794493049383163452e-01 -9.551540017127990723e-01 -2.355391383171081543e-01
1.724085211753845215e-01 -9.578449726104736328e-01 -2.298007160425186157e-01
1.673266738653182983e-01 -9.605056643486022949e-01 -2.223301380872726440e-01
1.641571074724197388e-01 -9.631803631782531738e-01 -2.129227668046951294e-01
1.628808975219726562e-01 -9.658780097961425781e-01 -2.013691216707229614e-01
1.635032296180725098e-01 -9.685705900192260742e-01 -1.874505132436752319e-01
1.660591959953308105e-01 -9.711869359016418457e-01 -1.709396839141845703e-01
1.706083267927169800e-01 -9.736066460609436035e-01 -1.516011655330657959e-01
1.772364526987075806e-01 -9.756520986557006836e-01 -1.291907578706741333e-01
1.860450655221939087e-01 -9.770779609680175781e-01 -1.034696325659751892e-01
1.971461474895477295e-01 -9.775612950325012207e-01 -7.421135902404785156e-02
2.106442451477050781e-01 -9.766933917999267578e-01 -4.121923446655273438e-02
2.266216129064559937e-01 -9.739730954170227051e-01 -4.354565404355525970e-03
2.451099455356597900e-01 -9.688104987144470215e-01 3.643291071057319641e-02
2.660621106624603271e-01 -9.605411291122436523e-01 8.106645196676254272e-02
2.893246412277221680e-01 -9.484583139419555664e-01 1.292985081672668457e-01
3.146035373210906982e-01 -9.318683147430419922e-01 1.806823462247848511e-01
3.414561748504638672e-01 -9.101626276969909668e-01 2.345459312200546265e-01
3.692859411239624023e-01 -8.829041123390197754e-01 2.900140881538391113e-01
3.973769545555114746e-01 -8.499075174331665039e-01 3.460472524166107178e-01
4.249382615089416504e-01 -8.112931847572326660e-01 4.015357196331024170e-01
4.511792659759521484e-01 -7.674914002418518066e-01 4.554054737091064453e-01
4.753677845001220703e-01 -7.192015051841735840e-01 5.067294239997863770e-01
4.968974590301513672e-01 -6.672901511192321777e-01 5.548123121261596680e-01
5.153050422668457031e-01 -6.126810908317565918e-01 5.992349982261657715e-01
5.302754044532775879e-01 -5.562444329261779785e-01 6.398438215255737305e-01
5.416238903999328613e-01 -4.987102150917053223e-01 6.767065525054931641e-01
5.492545962333679199e-01 -4.406273066997528076e-01 7.100471258163452148e-01
5.531281232833862305e-01 -3.823621273040771484e-01 7.401679754257202148e-01
5.532358288764953613e-01 -3.241217136383056641e-01 7.673820257186889648e-01
5.495744347572326660e-01 -2.659973800182342529e-01 7.919679880142211914e-01
5.421502590179443359e-01 -2.080279290676116943e-01 8.141238093376159668e-01
5.309801697731018066e-01 -1.502449661493301392e-01 8.339583277702331543e-01
5.161063671112060547e-01 -9.273429214954376221e-02 8.514896035194396973e-01
4.976305067539215088e-01 -3.566608577966690063e-02 8.666554689407348633e-01
4.757252633571624756e-01 2.067741379141807556e-02 8.793509006500244141e-01
4.506664574146270752e-01 7.590859383344650269e-02 8.894591331481933594e-01
4.228349328041076660e-01 1.295477151870727539e-01 8.968991041183471680e-01
3.927122950553894043e-01 1.810743212699890137e-01 9.016590714454650879e-01
3.608635663986206055e-01 2.299686223268508911e-01 9.038206934928894043e-01
3.278889358043670654e-01 2.757737338542938232e-01 9.035694003105163574e-01
2.943874299526214600e-01 3.181379139423370361e-01 9.011794328689575195e-01
2.609069943428039551e-01 3.568391203880310059e-01 8.969913125038146973e-01
2.279066741466522217e-01 3.917973637580871582e-01 8.913772106170654297e-01
1.957356333732604980e-01 4.230657219886779785e-01 8.847050070762634277e-01
1.646114736795425415e-01 4.508069157600402832e-01 8.773118853569030762e-01
1.346253156661987305e-01 4.752703011035919189e-01 8.694792389869689941e-01
1.057443618774414062e-01 4.967597424983978271e-01 8.614220023155212402e-01
7.782898098230361938e-02 5.156111717224121094e-01 8.532805442810058594e-01
5.063742399215698242e-02 5.321655869483947754e-01 8.451247215270996094e-01
2.385045774281024933e-02 5.467566847801208496e-01 8.369518518447875977e-01
-2.922339364886283875e-03 5.596928596496582031e-01 8.286950588226318359e-01
-3.011648356914520264e-02 5.712448954582214355e-01 8.202269673347473145e-01
-5.820449069142341614e-02 5.816355943679809570e-01 8.113643527030944824e-01
-8.767271786928176880e-02 5.910302400588989258e-01 8.018707633018493652e-01
-1.189988031983375549e-01 5.995273590087890625e-01 7.914583683013916016e-01
-1.526240110397338867e-01 6.071469187736511230e-01 7.797939181327819824e-01
-1.889202892780303955e-01 6.138229370117187500e-01 7.665053009986877441e-01
-2.281548976898193359e-01 6.194024085998535156e-01 7.511897087097167969e-01
-2.704461216926574707e-01 6.236429214477539062e-01 7.334359288215637207e-01
-3.157253563404083252e-01 6.262296438217163086e-01 7.128492593765258789e-01
-3.637062013149261475e-01 6.267952322959899902e-01 6.890903711318969727e-01
-4.138690233230590820e-01 6.249604821205139160e-01 6.619189977645874023e-01
-4.654644429683685303e-01 6.203836202621459961e-01 6.312423944473266602e-01
-5.175597667694091797e-01 6.128121614456176758e-01 5.971541404724121094e-01
-5.691095590591430664e-01 6.021369099617004395e-01 5.599513053894042969e-01
-6.190468668937683105e-01 5.884248614311218262e-01 5.201318860054016113e-01
-6.663873791694641113e-01 5.719269514083862305e-01 4.783591032028198242e-01
-7.103139162063598633e-01 5.530652999877929688e-01 4.353996813297271729e-01
-7.502331137657165527e-01 5.323930382728576660e-01 3.920560181140899658e-01
-7.857976555824279785e-01 5.105398297309875488e-01 3.491004705429077148e-01
-8.168927431106567383e-01 4.881620109081268311e-01 3.072200417518615723e-01
-8.435977697372436523e-01 4.658981263637542725e-01 2.669865190982818604e-01
-8.661366105079650879e-01 4.443368017673492432e-01 2.288497537374496460e-01
-8.848287463188171387e-01 4.240000247955322266e-01 1.931376159191131592e-01
-9.000422358512878418e-01 4.053384065628051758e-01 1.600773334503173828e-01
-9.121600389480590820e-01 3.887331783771514893e-01 1.298101395368576050e-01
-9.215522408485412598e-01 3.745025396347045898e-01 1.024172157049179077e-01
-9.285584688186645508e-01 3.629127144813537598e-01 7.793341577053070068e-02
-9.334758520126342773e-01 3.541832268238067627e-01 5.636534094810485840e-02
-9.365504980087280273e-01 3.484994173049926758e-01 3.769859671592712402e-02
-9.379742741584777832e-01 3.460120260715484619e-01 2.190774120390415192e-02
-9.378799200057983398e-01 3.468442857265472412e-01 8.957578800618648529e-03
-9.363400936126708984e-01 3.510924875736236572e-01 -1.192693714983761311e-03
-9.333643913269042969e-01 3.588274121284484863e-01 -8.592239581048488617e-03
-9.289014935493469238e-01 3.700881898403167725e-01 -1.329540461301803589e-02
-9.228377342224121094e-01 3.848820030689239502e-01 -1.537265628576278687e-02
-9.149990081787109375e-01 4.031805396080017090e-01 -1.490390300750732422e-02
-9.051545262336730957e-01 4.249134361743927002e-01 -1.199003495275974274e-02
-8.930196762084960938e-01 4.499670267105102539e-01 -6.747601553797721863e-03
-8.782601356506347656e-01 4.781827926635742188e-01 6.818108959123492241e-04
-8.604969978332519531e-01 5.093545317649841309e-01 1.014370005577802658e-02
-8.393018245697021484e-01 5.432419180870056152e-01 2.146284654736518860e-02
-8.141937851905822754e-01 5.795695185661315918e-01 3.446258977055549622e-02
-7.846187353134155273e-01 6.180415749549865723e-01 4.897092282772064209e-02
-7.499052882194519043e-01 6.583597064018249512e-01 6.484295427799224854e-02
-7.092033624649047852e-01 7.002198100090026855e-01 8.199210464954376221e-02
-6.613591909408569336e-01 7.433177232742309570e-01 1.004131436347961426e-01
-6.047422885894775391e-01 7.872926592826843262e-01 1.202373579144477844e-01
-5.369597077369689941e-01 8.316119909286499023e-01 1.417595595121383667e-01
-4.544499218463897705e-01 8.752637505531311035e-01 1.654950082302093506e-01
-3.519409000873565674e-01 9.160870909690856934e-01 1.921512931585311890e-01
-2.219900935888290405e-01 9.493342638015747070e-01 2.224518507719039917e-01
-5.551283806562423706e-02 9.649513959884643555e-01 2.564901113510131836e-01
1.538570076227188110e-01 9.439440369606018066e-01 2.920577824115753174e-01
3.972138166427612305e-01 8.592863082885742188e-01 3.222549557685852051e-01
6.358682513236999512e-01 6.946254372596740723e-01 3.364032506942749023e-01
8.167904019355773926e-01 4.736876189708709717e-01 3.293530941009521484e-01
9.181004762649536133e-01 2.491769641637802124e-01 3.082246780395507812e-01
9.569747447967529297e-01 5.804665386676788330e-02 2.843062579631805420e-01
9.600785374641418457e-01 -9.128590673208236694e-02 2.644165754318237305e-01
9.461919665336608887e-01 -2.046757340431213379e-01 2.506564259529113770e-01
9.254869222640991211e-01 -2.906655669212341309e-01 2.428733706474304199e-01
9.029049277305603027e-01 -3.564452230930328369e-01 2.402280867099761963e-01
8.807053565979003906e-01 -4.072718024253845215e-01 2.418424040079116821e-01
8.598535656929016113e-01 -4.468309581279754639e-01 2.469693571329116821e-01
8.407005071640014648e-01 -4.776852130889892578e-01 2.550285756587982178e-01
8.233059644699096680e-01 -5.016309618949890137e-01 2.655818164348602295e-01
8.075974583625793457e-01 -5.199394822120666504e-01 2.782970964908599854e-01
7.934428453445434570e-01 -5.335225462913513184e-01 2.929199039936065674e-01
7.806852459907531738e-01 -5.430435538291931152e-01 3.092480301856994629e-01
7.691601514816284180e-01 -5.489959716796875000e-01 3.271026015281677246e-01
7.587025165557861328e-01 -5.517586469650268555e-01 3.463133275508880615e-01
7.491494417190551758e-01 -5.516371726989746094e-01 3.667036890983581543e-01
7.403483986854553223e-01 -5.488976240158081055e-01 3.880666494369506836e-01
7.321532368659973145e-01 -5.437934994697570801e-01 4.101710915565490723e-01
7.244343757629394531e-01 -5.365875363349914551e-01 4.327455759048461914e-01
7.170809507369995117e-01 -5.275713801383972168e-01 4.554815590381622314e-01
7.100091576576232910e-01 -5.170732736587524414e-01 4.780400395393371582e-01
7.031622529029846191e-01 -5.054750442504882812e-01 5.000577569007873535e-01
6.965203881263732910e-01 -4.932082593441009521e-01 5.211573243141174316e-01
6.900984048843383789e-01 -4.807519912719726562e-01 5.409637093544006348e-01
6.839439272880554199e-01 -4.686341881752014160e-01 5.591087937355041504e-01
6.781363487243652344e-01 -4.574132561683654785e-01 5.752427577972412109e-01
6.727750897407531738e-01 -4.476745724678039551e-01 5.890341401100158691e-01
6.679717302322387695e-01 -4.400193095207214355e-01 6.001638770103454590e-01
6.638365387916564941e-01 -4.350596070289611816e-01 6.083125472068786621e-01
6.604644656181335449e-01 -4.334137439727783203e-01 6.131388545036315918e-01
6.579160094261169434e-01 -4.357044100761413574e-01 6.142541766166687012e-01
6.561985611915588379e-01 -4.425602257251739502e-01 6.111822724342346191e-01
6.552352309226989746e-01 -4.546098113059997559e-01 6.033214330673217773e-01
6.548304557800292969e-01 -4.724635481834411621e-01 5.898943543434143066e-01
6.546136736869812012e-01 -4.966769516468048096e-01 5.699059963226318359e-01
6.539778113365173340e-01 -5.276691317558288574e-01 5.421053767204284668e-01
6.519924998283386230e-01 -5.655763745307922363e-01 5.050042271614074707e-01
6.473374962806701660e-01 -6.100353598594665527e-01 4.569582939147949219e-01
6.382740736007690430e-01 -6.598520278930664062e-01 3.964864015579223633e-01
6.225481033325195312e-01 -7.123304605484008789e-01 3.240665197372436523e-01
5.999224185943603516e-01 -7.588806152343750000e-01 2.533641159534454346e-01
5.870183706283569336e-01 -7.814736962318420410e-01 2.114434391260147095e-01
