-6.611493825912475586e-01 -3.363888859748840332e-01 -6.706146597862243652e-01
-6.550005078315734863e-01 -3.405795693397521973e-01 -6.745219230651855469e-01
-6.481003165245056152e-01 -3.423572182655334473e-01 -6.802628636360168457e-01
-6.465061306953430176e-01 -3.411217033863067627e-01 -6.823971271514892578e-01
-6.471225619316101074e-01 -3.385989367961883545e-01 -6.830689311027526855e-01
-6.480387449264526367e-01 -3.352405130863189697e-01 -6.838564276695251465e-01
-6.494185924530029297e-01 -3.319889008998870850e-01 -6.841335892677307129e-01
-6.513723731040954590e-01 -3.291011750698089600e-01 -6.836712956428527832e-01
-6.539517045021057129e-01 -3.267656862735748291e-01 -6.823278665542602539e-01
-6.571937799453735352e-01 -3.251840472221374512e-01 -6.799644827842712402e-01
-6.611178517341613770e-01 -3.245640993118286133e-01 -6.764476299285888672e-01
-6.657236218452453613e-01 -3.251100778579711914e-01 -6.716513633728027344e-01
-6.709876656532287598e-01 -3.270133435726165771e-01 -6.654606461524963379e-01
-6.768612265586853027e-01 -3.304411470890045166e-01 -6.577746868133544922e-01
-6.832686066627502441e-01 -3.355245888233184814e-01 -6.485115885734558105e-01
-6.901059746742248535e-01 -3.423490524291992188e-01 -6.376134157180786133e-01
-6.972438693046569824e-01 -3.509426116943359375e-01 -6.250522732734680176e-01
-7.045289278030395508e-01 -3.612700998783111572e-01 -6.108378171920776367e-01
-7.117921710014343262e-01 -3.732268810272216797e-01 -5.950241088867187500e-01
-7.188557386398315430e-01 -3.866396546363830566e-01 -5.777162909507751465e-01
-7.255456447601318359e-01 -4.012726843357086182e-01 -5.590740442276000977e-01
-7.317021489143371582e-01 -4.168373048305511475e-01 -5.393130183219909668e-01
-7.371925115585327148e-01 -4.330100715160369873e-01 -5.186998248100280762e-01
-7.419208884239196777e-01 -4.494503736495971680e-01 -4.975417554378509521e-01
-7.458323240280151367e-01 -4.658242464065551758e-01 -4.761742055416107178e-01
-7.489154338836669922e-01 -4.818232655525207520e-01 -4.549416899681091309e-01
-7.511976361274719238e-01 -4.971835017204284668e-01 -4.341781139373779297e-01
-7.527366876602172852e-01 -5.116949081420898438e-01 -4.141929745674133301e-01
-7.536109685897827148e-01 -5.252113938331604004e-01 -3.952511548995971680e-01
-7.539069056510925293e-01 -5.376505255699157715e-01 -3.775662481784820557e-01
-7.537076473236083984e-01 -5.489912033081054688e-01 -3.612940907478332520e-01
-7.530838847160339355e-01 -5.592685341835021973e-01 -3.465303480625152588e-01
-7.520861625671386719e-01 -5.685674548149108887e-01 -3.333126306533813477e-01
-7.507413029670715332e-01 -5.770139694213867188e-01 -3.216246962547302246e-01
-7.490482926368713379e-01 -5.847694873809814453e-01 -3.114022910594940186e-01
-7.469789385795593262e-01 -5.920243263244628906e-01 -3.025386929512023926e-01
-7.444779276847839355e-01 -5.989927053451538086e-01 -2.948903441429138184e-01
-7.414649128913879395e-01 -6.059072613716125488e-01 -2.882815003395080566e-01
-7.378352284431457520e-01 -6.130149960517883301e-01 -2.825098931789398193e-01
-7.334638833999633789e-01 -6.205707788467407227e-01 -2.773495614528656006e-01
-7.282037734985351562e-01 -6.288343667984008789e-01 -2.725555002689361572e-01
-7.218916416168212891e-01 -6.380596756935119629e-01 -2.678662836551666260e-01
-7.143468856811523438e-01 -6.484867334365844727e-01 -2.630086541175842285e-01
-7.053761482238769531e-01 -6.603283882141113281e-01 -2.577029764652252197e-01
-6.947751641273498535e-01 -6.737575531005859375e-01 -2.516709566116333008e-01
-6.823382973670959473e-01 -6.888857483863830566e-01 -2.446444183588027954e-01
-6.678633689880371094e-01 -7.057501077651977539e-01 -2.363795489072799683e-01
-6.511698365211486816e-01 -7.242910265922546387e-01 -2.266723662614822388e-01
-6.321139931678771973e-01 -7.443406581878662109e-01 -2.153806537389755249e-01
-6.106120944023132324e-01 -7.656165361404418945e-01 -2.024454325437545776e-01
-5.866636633872985840e-01 -7.877268195152282715e-01 -1.879150718450546265e-01
-5.603732466697692871e-01 -8.101917505264282227e-01 -1.719626188278198242e-01
-5.319626331329345703e-01 -8.324792981147766113e-01 -1.549001187086105347e-01
-5.017725825309753418e-01 -8.540531396865844727e-01 -1.371768712997436523e-01
-4.702448248863220215e-01 -8.744259476661682129e-01 -1.193694174289703369e-01
-4.378909766674041748e-01 -8.932051658630371094e-01 -1.021569520235061646e-01
-4.052432477474212646e-01 -9.101266860961914062e-01 -8.629816770553588867e-02
-3.728102743625640869e-01 -9.250626564025878906e-01 -7.260507345199584961e-02
-3.410303592681884766e-01 -9.380100369453430176e-01 -6.193121150135993958e-02
-3.102369308471679688e-01 -9.490563869476318359e-01 -5.518040060997009277e-02
-2.806424200534820557e-01 -9.583294391632080078e-01 -5.333548411726951599e-02
-2.523297667503356934e-01 -9.659307003021240234e-01 -5.751150473952293396e-02
-2.252499163150787354e-01 -9.718513488769531250e-01 -6.904766708612442017e-02
-1.992280632257461548e-01 -9.758476614952087402e-01 -8.960771560668945312e-02
-1.739732027053833008e-01 -9.772495031356811523e-01 -1.213125810027122498e-01
-1.490721702575683594e-01 -9.746475219726562500e-01 -1.668521761894226074e-01
-1.240049526095390320e-01 -9.653813838958740234e-01 -2.294809073209762573e-01
-9.818270057439804077e-02 -9.447879195213317871e-01 -3.126274645328521729e-01
-7.110736519098281860e-02 -9.054037332534790039e-01 -4.185543954372406006e-01
-4.274634271860122681e-02 -8.371092081069946289e-01 -5.453631281852722168e-01
-1.416666433215141296e-02 -7.305193543434143066e-01 -6.827450394630432129e-01
1.207830104976892471e-02 -5.850754976272583008e-01 -8.108888268470764160e-01
3.284905105829238892e-02 -4.157185256481170654e-01 -9.088999032974243164e-01
4.635819047689437866e-02 -2.469954937696456909e-01 -9.679071307182312012e-01
5.305267497897148132e-02 -9.856735169887542725e-02 -9.937152266502380371e-01
5.470205098390579224e-02 2.176937833428382874e-02 -9.982653856277465820e-01
5.318492278456687927e-02 1.149782910943031311e-01 -9.919432401657104492e-01
4.995591938495635986e-02 1.855521500110626221e-01 -9.813637733459472656e-01
4.600530117750167847e-02 2.383771389722824097e-01 -9.700823426246643066e-01
4.197938367724418640e-02 2.775894105434417725e-01 -9.597822427749633789e-01
3.830793499946594238e-02 3.063829839229583740e-01 -9.511372447013854980e-01
3.528425097465515137e-02 3.271453976631164551e-01 -9.443150162696838379e-01
3.311904147267341614e-02 3.416491150856018066e-01 -9.392438530921936035e-01
3.196544200181961060e-02 3.512178957462310791e-01 -9.357479214668273926e-01
3.193987533450126648e-02 3.568579852581024170e-01 -9.336124658584594727e-01
3.312704712152481079e-02 3.593509495258331299e-01 -9.326143860816955566e-01
3.558396920561790466e-02 3.593183159828186035e-01 -9.325363636016845703e-01
3.934302926063537598e-02 3.572688400745391846e-01 -9.331725835800170898e-01
4.441354796290397644e-02 3.536323010921478271e-01 -9.343295097351074219e-01
5.077960714697837830e-02 3.487813174724578857e-01 -9.358274936676025391e-01
5.840631574392318726e-02 3.430480360984802246e-01 -9.375002384185791016e-01
6.723950058221817017e-02 3.367376625537872314e-01 -9.391946196556091309e-01
7.720956206321716309e-02 3.301350474357604980e-01 -9.407707452774047852e-01
8.823831379413604736e-02 3.235115706920623779e-01 -9.421009421348571777e-01
1.002395302057266235e-01 3.171313405036926270e-01 -9.430692791938781738e-01
1.131256818771362305e-01 3.112515807151794434e-01 -9.435703158378601074e-01
1.268085688352584839e-01 3.061267733573913574e-01 -9.435073137283325195e-01
1.412010490894317627e-01 3.020092546939849854e-01 -9.427898526191711426e-01
1.562151461839675903e-01 2.991487085819244385e-01 -9.413324594497680664e-01
1.717559099197387695e-01 2.977882623672485352e-01 -9.390538334846496582e-01
1.877148300409317017e-01 2.981583774089813232e-01 -9.358764886856079102e-01
2.039624154567718506e-01 3.004681468009948730e-01 -9.317286610603332520e-01
2.203362882137298584e-01 3.048876523971557617e-01 -9.265502691268920898e-01
2.366326898336410522e-01 3.115348219871520996e-01 -9.202994704246520996e-01
2.526066303253173828e-01 3.204519748687744141e-01 -9.129624962806701660e-01
2.679708003997802734e-01 3.315872251987457275e-01 -9.045670628547668457e-01
2.824093699455261230e-01 3.447820544242858887e-01 -8.951928615570068359e-01
2.955948412418365479e-01 3.597644865512847900e-01 -8.849819898605346680e-01
3.072170913219451904e-01 3.761579692363739014e-01 -8.741412162780761719e-01
3.170113563537597656e-01 3.935013413429260254e-01 -8.629371523857116699e-01
3.247855603694915771e-01 4.112808108329772949e-01 -8.516821265220642090e-01
3.304375410079956055e-01 4.289682507514953613e-01 -8.407124280929565430e-01
3.339625895023345947e-01 4.460617005825042725e-01 -8.303601145744323730e-01
3.354510366916656494e-01 4.621141552925109863e-01 -8.209281563758850098e-01
3.350704312324523926e-01 4.767554104328155518e-01 -8.126696944236755371e-01
3.330488204956054688e-01 4.897007942199707031e-01 -8.057738542556762695e-01
3.296501934528350830e-01 5.007522106170654297e-01 -8.003611564636230469e-01
3.251549303531646729e-01 5.097858905792236328e-01 -7.964876294136047363e-01
3.198434412479400635e-01 5.167432427406311035e-01 -7.941514253616333008e-01
3.139848411083221436e-01 5.216161608695983887e-01 -7.933033108711242676e-01
3.078262507915496826e-01 5.244340300559997559e-01 -7.938588261604309082e-01
3.015894293785095215e-01 5.252537131309509277e-01 -7.957087159156799316e-01
2.954674959182739258e-01 5.241518020629882812e-01 -7.987264394760131836e-01
2.896219491958618164e-01 5.212179422378540039e-01 -8.027769923210144043e-01
2.841828763484954834e-01 5.165526866912841797e-01 -8.077210783958435059e-01
2.792490720748901367e-01 5.102638602256774902e-01 -8.134192228317260742e-01
2.748846411705017090e-01 5.024646520614624023e-01 -8.197363615036010742e-01
2.711221873760223389e-01 4.932765960693359375e-01 -8.265415430068969727e-01
2.679619193077087402e-01 4.828250706195831299e-01 -8.337123990058898926e-01
2.653723359107971191e-01 4.712402820587158203e-01 -8.411362171173095703e-01
2.632924020290374756e-01 4.586587846279144287e-01 -8.487102985382080078e-01
2.616358697414398193e-01 4.452202022075653076e-01 -8.563444018363952637e-01
2.602931261062622070e-01 4.310673177242279053e-01 -8.639609217643737793e-01
2.591392397880554199e-01 4.163447916507720947e-01 -8.714951276779174805e-01
2.580378353595733643e-01 4.011981785297393799e-01 -8.788949847221374512e-01
2.568499445915222168e-01 3.857726752758026123e-01 -8.861194252967834473e-01
2.554400861263275146e-01 3.702141344547271729e-01 -8.931359648704528809e-01
2.536832988262176514e-01 3.546681404113769531e-01 -8.999196290969848633e-01
2.514718472957611084e-01 3.392870724201202393e-01 -9.064469933509826660e-01
2.487229704856872559e-01 3.242323994636535645e-01 -9.126939773559570312e-01
2.453812807798385620e-01 3.096795082092285156e-01 -9.186330437660217285e-01
2.414237558841705322e-01 2.958330810070037842e-01 -9.242280125617980957e-01
2.368644773960113525e-01 2.829335331916809082e-01 -9.294320344924926758e-01
2.317540645599365234e-01 2.712724506855010986e-01 -9.341849088668823242e-01
2.261833399534225464e-01 2.612020373344421387e-01 -9.384106993675231934e-01
2.202796190977096558e-01 2.531460821628570557e-01 -9.420158863067626953e-01
2.142065614461898804e-01 2.475988417863845825e-01 -9.448863863945007324e-01
2.081542164087295532e-01 2.451166063547134399e-01 -9.468842148780822754e-01
2.023302912712097168e-01 2.462882548570632935e-01 -9.478420615196228027e-01
1.969449818134307861e-01 2.516835331916809082e-01 -9.475589990615844727e-01
1.921858042478561401e-01 2.617781758308410645e-01 -9.457995295524597168e-01
1.881965547800064087e-01 2.768508195877075195e-01 -9.423034191131591797e-01
1.850478649139404297e-01 2.968831062316894531e-01 -9.368125200271606445e-01
1.827257573604583740e-01 3.214728534221649170e-01 -9.291213750839233398e-01
1.811217516660690308e-01 3.498015701770782471e-01 -9.191484451293945312e-01
1.800535619258880615e-01 3.807041049003601074e-01 -9.069978594779968262e-01
1.792939156293869019e-01 4.127979576587677002e-01 -8.930014371871948242e-01
1.786090582609176636e-01 4.446886777877807617e-01 -8.776962757110595703e-01
1.777959913015365601e-01 4.751557409763336182e-01 -8.617514371871948242e-01
1.767053455114364624e-01 5.032777190208435059e-01 -8.458645343780517578e-01
1.752449572086334229e-01 5.284808278083801270e-01 -8.306606411933898926e-01
1.733792871236801147e-01 5.505056977272033691e-01 -8.166290521621704102e-01
1.711149960756301880e-01 5.693379044532775879e-01 -8.040982484817504883e-01
1.684901118278503418e-01 5.851230621337890625e-01 -7.932478785514831543e-01
1.655626446008682251e-01 5.980955958366394043e-01 -7.841369509696960449e-01
1.624025702476501465e-01 6.085242033004760742e-01 -7.767390608787536621e-01
1.590880751609802246e-01 6.166766881942749023e-01 -7.709740400314331055e-01
1.557009220123291016e-01 6.227978467941284180e-01 -7.667334675788879395e-01
1.523244678974151611e-01 6.271033287048339844e-01 -7.638970017433166504e-01
1.490441560745239258e-01 6.297743916511535645e-01 -7.623450756072998047e-01
1.459445953369140625e-01 6.309618949890136719e-01 -7.619628906250000000e-01
1.431095600128173828e-01 6.307868957519531250e-01 -7.626451253890991211e-01
1.406222432851791382e-01 6.293478608131408691e-01 -7.642948031425476074e-01
1.385636627674102783e-01 6.267222762107849121e-01 -7.668241858482360840e-01
1.370104998350143433e-01 6.229708790779113770e-01 -7.701528668403625488e-01
1.360364854335784912e-01 6.181406378746032715e-01 -7.742068171501159668e-01
1.357082128524780273e-01 6.122667789459228516e-01 -7.789176106452941895e-01
1.360851079225540161e-01 6.053751707077026367e-01 -7.842204570770263672e-01
1.372164189815521240e-01 5.974812507629394531e-01 -7.900556325912475586e-01
1.391409784555435181e-01 5.885918140411376953e-01 -7.963663935661315918e-01
1.418821960687637329e-01 5.787048339843750000e-01 -8.031002879142761230e-01
1.454497426748275757e-01 5.678082108497619629e-01 -8.102087378501892090e-01
1.498349905014038086e-01 5.558772087097167969e-01 -8.176490664482116699e-01
1.550103425979614258e-01 5.428770780563354492e-01 -8.253825306892395020e-01
1.609288603067398071e-01 5.287568569183349609e-01 -8.333774805068969727e-01
1.675214171409606934e-01 5.134497880935668945e-01 -8.416090607643127441e-01
1.746979355812072754e-01 4.968705475330352783e-01 -8.500589132308959961e-01
1.823462098836898804e-01 4.789134562015533447e-01 -8.587152361869812012e-01
1.903321295976638794e-01 4.594469964504241943e-01 -8.675724864006042480e-01
1.984999775886535645e-01 4.383141994476318359e-01 -8.766289949417114258e-01
2.066715061664581299e-01 4.153271615505218506e-01 -8.858838677406311035e-01
2.146484553813934326e-01 3.902649581432342529e-01 -8.953319787979125977e-01
2.222095727920532227e-01 3.628684580326080322e-01 -9.049581885337829590e-01
2.291121929883956909e-01 3.328411281108856201e-01 -9.147263765335083008e-01
2.350900918245315552e-01 2.998456954956054688e-01 -9.245675802230834961e-01
2.398524135351181030e-01 2.635075747966766357e-01 -9.343631863594055176e-01
2.430837750434875488e-01 2.234223634004592896e-01 -9.439241290092468262e-01
2.444436401128768921e-01 1.791688948869705200e-01 -9.529668688774108887e-01
2.435720413923263550e-01 1.303365975618362427e-01 -9.610853195190429688e-01
2.400945723056793213e-01 7.656644284725189209e-02 -9.677252173423767090e-01
2.336440086364746094e-01 1.760959811508655548e-02 -9.721627831459045410e-01
2.238845229148864746e-01 -4.659689590334892273e-02 -9.735012054443359375e-01
2.105572372674942017e-01 -1.158379465341567993e-01 -9.706942439079284668e-01
1.935365349054336548e-01 -1.895321607589721680e-01 -9.626116156578063965e-01
1.728884130716323853e-01 -2.666738033294677734e-01 -9.481533169746398926e-01
1.489252895116806030e-01 -3.458274602890014648e-01 -9.264041185379028320e-01
1.222402676939964294e-01 -4.252166748046875000e-01 -8.967987895011901855e-01
9.367594122886657715e-02 -5.029007792472839355e-01 -8.592529892921447754e-01
6.427247822284698486e-02 -5.770133137702941895e-01 -8.142018914222717285e-01
3.515106439590454102e-02 -6.459936499595642090e-01 -7.625329494476318359e-01
7.406559307128190994e-03 -7.087547183036804199e-01 -7.054160237312316895e-01
-1.798955723643302917e-02 -7.647378444671630859e-01 -6.440902948379516602e-01
-4.023725166916847229e-02 -8.138595819473266602e-01 -5.796666741371154785e-01
-5.871018767356872559e-02 -8.563869595527648926e-01 -5.129858255386352539e-01
-7.293527573347091675e-02 -8.927804231643676758e-01 -4.445487260818481445e-01
-8.254104107618331909e-02 -9.235400557518005371e-01 -3.745140433311462402e-01
-8.721036463975906372e-02 -9.490750432014465332e-01 -3.027390837669372559e-01
-8.664543926715850830e-02 -9.695973992347717285e-01 -2.288523614406585693e-01
-8.054510504007339478e-02 -9.850397706031799316e-01 -1.523454189300537109e-01
-6.860673427581787109e-02 -9.949915409088134766e-01 -7.269701361656188965e-02
-5.056796222925186157e-02 -9.986657500267028809e-01 1.047397498041391373e-02
-2.627259865403175354e-02 -9.949156045913696289e-01 9.722414612770080566e-02
4.208921454846858978e-03 -9.823368191719055176e-01 1.870737969875335693e-01
4.044626280665397644e-02 -9.594908952713012695e-01 2.788214981555938721e-01
8.152468502521514893e-02 -9.252646565437316895e-01 3.704579472541809082e-01
1.259993910789489746e-01 -8.793045878410339355e-01 4.592903256416320801e-01
1.720046252012252808e-01 -8.223798871040344238e-01 5.423152446746826172e-01
2.174979150295257568e-01 -7.564823627471923828e-01 6.167892813682556152e-01
2.606091499328613281e-01 -6.845632195472717285e-01 6.807760596275329590e-01
2.999208867549896240e-01 -6.099840402603149414e-01 7.334622740745544434e-01
3.346132934093475342e-01 -5.359171628952026367e-01 7.751301527023315430e-01
3.644354939460754395e-01 -4.649065136909484863e-01 8.068758845329284668e-01
3.895686268806457520e-01 -3.986904323101043701e-01 8.302302360534667969e-01
4.104569554328918457e-01 -3.382418453693389893e-01 8.468279242515563965e-01
4.276662766933441162e-01 -2.839187085628509521e-01 8.581909537315368652e-01
4.417799711227416992e-01 -2.356561422348022461e-01 8.656192421913146973e-01
4.533473849296569824e-01 -1.931260079145431519e-01 8.701599836349487305e-01
4.628522694110870361e-01 -1.558643579483032227e-01 8.726248145103454590e-01
4.707073867321014404e-01 -1.233501955866813660e-01 8.736242055892944336e-01
4.772590994834899902e-01 -9.506259858608245850e-02 8.736056685447692871e-01
4.827904105186462402e-01 -7.050458341836929321e-02 8.728932142257690430e-01
4.875340759754180908e-01 -4.922102019190788269e-02 8.717154264450073242e-01
4.916781485080718994e-01 -3.080147877335548401e-02 8.702321052551269531e-01
4.953717589378356934e-01 -1.488271635025739670e-02 8.685535192489624023e-01
4.987353384494781494e-01 -1.144025591202080250e-03 8.667535185813903809e-01
5.018602609634399414e-01 1.069707237184047699e-02 8.648825883865356445e-01
5.048174858093261719e-01 2.088711783289909363e-02 8.629733324050903320e-01
5.076584219932556152e-01 2.964201010763645172e-02 8.610483407974243164e-01
5.104172229766845703e-01 3.714886307716369629e-02 8.591241240501403809e-01
5.131145715713500977e-01 4.356980323791503906e-02 8.572135567665100098e-01
5.157580375671386719e-01 4.904519021511077881e-02 8.553292751312255859e-01
5.183453559875488281e-01 5.369153618812561035e-02 8.534842729568481445e-01
5.208628773689270020e-01 5.760839581489562988e-02 8.516942858695983887e-01
5.232909321784973145e-01 6.087398901581764221e-02 8.499770164489746094e-01
5.256011486053466797e-01 6.355294585227966309e-02 8.483539223670959473e-01
5.277600288391113281e-01 6.569121032953262329e-02 8.468495607376098633e-01
5.297293663024902344e-01 6.732130050659179688e-02 8.454906940460205078e-01
5.314663648605346680e-01 6.846278160810470581e-02 8.443082571029663086e-01
5.329265594482421875e-01 6.912267208099365234e-02 8.433334827423095703e-01
5.340625047683715820e-01 6.929850578308105469e-02 8.426000475883483887e-01
5.348256230354309082e-01 6.897809356451034546e-02 8.421422839164733887e-01
5.351680517196655273e-01 6.814214587211608887e-02 8.419927954673767090e-01
5.350409746170043945e-01 6.676498055458068848e-02 8.421837687492370605e-01
5.343965291976928711e-01 6.481755524873733521e-02 8.427450060844421387e-01
5.331882834434509277e-01 6.226740404963493347e-02 8.437019586563110352e-01
5.313718914985656738e-01 5.908246710896492004e-02 8.450757861137390137e-01
5.289044976234436035e-01 5.523131415247917175e-02 8.468822240829467773e-01
5.257469415664672852e-01 5.068434029817581177e-02 8.491297364234924316e-01
5.218623876571655273e-01 4.541786015033721924e-02 8.518198132514953613e-01
5.172190666198730469e-01 3.941429406404495239e-02 8.549450635910034180e-01
5.117892026901245117e-01 3.266407176852226257e-02 8.584898710250854492e-01
5.055523514747619629e-01 2.516689151525497437e-02 8.624287843704223633e-01
4.984948039054870605e-01 1.693398132920265198e-02 8.667272329330444336e-01
4.906125366687774658e-01 7.987126708030700684e-03 8.713411688804626465e-01
4.819092154502868652e-01 -1.637856941670179367e-03 8.762195706367492676e-01
4.724037349224090576e-01 -1.189292594790458679e-02 8.813019990921020508e-01
4.621260464191436768e-01 -2.271686866879463196e-02 8.865232467651367188e-01
4.511210322380065918e-01 -3.403609991073608398e-02 8.918135166168212891e-01
4.394495487213134766e-01 -4.576600715517997742e-02 8.971006274223327637e-01
4.271871149539947510e-01 -5.781028792262077332e-02 9.023131728172302246e-01
4.144276976585388184e-01 -7.006660103797912598e-02 9.073810577392578125e-01
4.012782871723175049e-01 -8.242601156234741211e-02 9.122399687767028809e-01
3.878611922264099121e-01 -9.477653354406356812e-02 9.168321490287780762e-01
3.743097484111785889e-01 -1.070074960589408875e-01 9.211089611053466797e-01
3.607673346996307373e-01 -1.190111562609672546e-01 9.250314831733703613e-01
3.473813831806182861e-01 -1.306864023208618164e-01 9.285726547241210938e-01
3.343024849891662598e-01 -1.419417411088943481e-01 9.317158460617065430e-01
3.216775655746459961e-01 -1.526973694562911987e-01 9.344554543495178223e-01
3.096472918987274170e-01 -1.628862470388412476e-01 9.367959499359130859e-01
2.983412742614746094e-01 -1.724559664726257324e-01 9.387499094009399414e-01
2.878756225109100342e-01 -1.813688725233078003e-01 9.403365850448608398e-01
2.783485054969787598e-01 -1.896009743213653564e-01 9.415803551673889160e-01
2.698387801647186279e-01 -1.971421241760253906e-01 9.425083994865417480e-01
2.624042630195617676e-01 -2.039946615695953369e-01 9.431490302085876465e-01
2.560801208019256592e-01 -2.101721763610839844e-01 9.435309171676635742e-01
2.508781254291534424e-01 -2.156987786293029785e-01 9.436811804771423340e-01
2.467873245477676392e-01 -2.206069827079772949e-01 9.436252117156982422e-01
2.437744289636611938e-01 -2.249363064765930176e-01 9.433862566947937012e-01
2.417847067117691040e-01 -2.287338078022003174e-01 9.429851770401000977e-01
2.407433390617370605e-01 -2.320514470338821411e-01 9.424409270286560059e-01
2.405575215816497803e-01 -2.349441647529602051e-01 9.417713880538940430e-01
2.411202043294906616e-01 -2.374724596738815308e-01 9.409930706024169922e-01
2.423099428415298462e-01 -2.396980226039886475e-01 9.401227235794067383e-01
2.439965903759002686e-01 -2.416851818561553955e-01 9.391772747039794922e-01
2.460428327322006226e-01 -2.434982061386108398e-01 9.381746053695678711e-01
2.483080625534057617e-01 -2.452028840780258179e-01 9.371331930160522461e-01
2.506501376628875732e-01 -2.468645423650741577e-01 9.360728859901428223e-01
2.529296576976776123e-01 -2.485478967428207397e-01 9.350136518478393555e-01
2.550102174282073975e-01 -2.503163516521453857e-01 9.339761734008789062e-01
2.567616999149322510e-01 -2.522322237491607666e-01 9.329803586006164551e-01
2.580600380897521973e-01 -2.543563246726989746e-01 9.320450425148010254e-01
2.587898075580596924e-01 -2.567485868930816650e-01 9.311863183975219727e-01
2.588421404361724854e-01 -2.594669163227081299e-01 9.304180145263671875e-01
2.581162452697753906e-01 -2.625669836997985840e-01 9.297497868537902832e-01
2.565195262432098389e-01 -2.661052942276000977e-01 9.291855096817016602e-01
2.539643347263336182e-01 -2.701352536678314209e-01 9.287244677543640137e-01
2.503694891929626465e-01 -2.747102081775665283e-01 9.283584952354431152e-01
2.456611692905426025e-01 -2.798818051815032959e-01 9.280715584754943848e-01
2.397699058055877686e-01 -2.856993079185485840e-01 9.278395771980285645e-01
2.326330691576004028e-01 -2.922099232673645020e-01 9.276288747787475586e-01
2.241962105035781860e-01 -2.994568645954132080e-01 9.273951053619384766e-01
2.144139260053634644e-01 -3.074782192707061768e-01 9.270834922790527344e-01
2.032535821199417114e-01 -3.163043558597564697e-01 9.266280531883239746e-01
1.906959265470504761e-01 -3.259550333023071289e-01 9.259527325630187988e-01
1.767434179782867432e-01 -3.364396095275878906e-01 9.249703288078308105e-01
1.614184677600860596e-01 -3.477514982223510742e-01 9.235870242118835449e-01
1.447718292474746704e-01 -3.598677217960357666e-01 9.217029809951782227e-01
1.268836259841918945e-01 -3.727453947067260742e-01 9.192178249359130859e-01
1.078672334551811218e-01 -3.863216042518615723e-01 9.160350561141967773e-01
8.787094056606292725e-02 -4.005136191844940186e-01 9.120677113533020020e-01
6.707686185836791992e-02 -4.152190089225769043e-01 9.072451591491699219e-01
4.569905996322631836e-02 -4.303191304206848145e-01 9.015192985534667969e-01
2.397858537733554840e-02 -4.456804692745208740e-01 8.948709368705749512e-01
2.178712747991085052e-03 -4.611631929874420166e-01 8.873126506805419922e-01
-1.942613907158374786e-02 -4.766230881214141846e-01 8.788930177688598633e-01
-4.055530577898025513e-02 -4.919210076332092285e-01 8.696948289871215820e-01
-6.093790754675865173e-02 -5.069240927696228027e-01 8.598340153694152832e-01
-8.031540364027023315e-02 -5.215156674385070801e-01 8.494532108306884766e-01
-9.845325350761413574e-02 -5.355939865112304688e-01 8.387169241905212402e-01
-1.151462867856025696e-01 -5.490778088569641113e-01 8.278012275695800781e-01
-1.302217692136764526e-01 -5.619055628776550293e-01 8.168870210647583008e-01
-1.435419768095016479e-01 -5.740333795547485352e-01 8.061521649360656738e-01
-1.550045460462570190e-01 -5.854367017745971680e-01 7.957622408866882324e-01
-1.645405143499374390e-01 -5.961037278175354004e-01 7.858668565750122070e-01
-1.721114367246627808e-01 -6.060368418693542480e-01 7.765932679176330566e-01
-1.777081191539764404e-01 -6.152458190917968750e-01 7.680444717407226562e-01
-1.813454180955886841e-01 -6.237486004829406738e-01 7.602970600128173828e-01
-1.830609440803527832e-01 -6.315656900405883789e-01 7.534012794494628906e-01
-1.829125881195068359e-01 -6.387207508087158203e-01 7.473812699317932129e-01
-1.809746176004409790e-01 -6.452390551567077637e-01 7.422362565994262695e-01
-1.773395091295242310e-01 -6.511437892913818359e-01 7.379447221755981445e-01
-1.721134781837463379e-01 -6.564599275588989258e-01 7.344639897346496582e-01
-1.654196828603744507e-01 -6.612091064453125000e-01 7.317368388175964355e-01
-1.573943644762039185e-01 -6.654145717620849609e-01 7.296920418739318848e-01
-1.481898874044418335e-01 -6.690981984138488770e-01 7.282494902610778809e-01
-1.379725486040115356e-01 -6.722819805145263672e-01 7.273241877555847168e-01
-1.269209980964660645e-01 -6.749910712242126465e-01 7.268275022506713867e-01
-1.152271106839179993e-01 -6.772506237030029297e-01 7.266733646392822266e-01
-1.030928641557693481e-01 -6.790915727615356445e-01 7.267781496047973633e-01
-9.072871506214141846e-02 -6.805471181869506836e-01 7.270652055740356445e-01
-7.834804058074951172e-02 -6.816568374633789062e-01 7.274651527404785156e-01
-6.616766005754470825e-02 -6.824643015861511230e-01 7.279177904129028320e-01
-5.440049991011619568e-02 -6.830192208290100098e-01 7.283716797828674316e-01
-4.325208812952041626e-02 -6.833761334419250488e-01 7.287840843200683594e-01
-3.291967511177062988e-02 -6.835936903953552246e-01 7.291200160980224609e-01
-2.358387038111686707e-02 -6.837337017059326172e-01 7.293505072593688965e-01
-1.541026216000318527e-02 -6.838587522506713867e-01 7.294517755508422852e-01
-8.540656417608261108e-03 -6.840313076972961426e-01 7.294027209281921387e-01
-3.094634274020791054e-03 -6.843107938766479492e-01 7.291839122772216797e-01
8.350074058398604393e-04 -6.847515702247619629e-01 7.287760972976684570e-01
3.185572568327188492e-03 -6.854003071784973145e-01 7.281594872474670410e-01
3.924845717847347260e-03 -6.862940192222595215e-01 7.273136973381042480e-01
3.052964573726058006e-03 -6.874588727951049805e-01 7.262169718742370605e-01
6.040179287083446980e-04 -6.889079809188842773e-01 7.248485088348388672e-01
-3.355260938405990601e-03 -6.906422376632690430e-01 7.231887578964233398e-01
-8.724347688257694244e-03 -6.926519274711608887e-01 7.212192416191101074e-01
-1.537438761442899704e-02 -6.949157118797302246e-01 7.189269065856933594e-01
-2.315034717321395874e-02 -6.974055767059326172e-01 7.163025736808776855e-01
-3.187601268291473389e-02 -7.000872492790222168e-01 7.133455276489257812e-01
-4.135786369442939758e-02 -7.029260396957397461e-01 7.100594639778137207e-01
-5.139684677124023438e-02 -7.058874964714050293e-01 7.064568400382995605e-01
-6.178965047001838684e-02 -7.089409828186035156e-01 7.025558352470397949e-01
-7.233915477991104126e-02 -7.120620608329772949e-01 6.983801126480102539e-01
-8.285888284444808960e-02 -7.152332663536071777e-01 6.939566135406494141e-01
-9.317941963672637939e-02 -7.184441685676574707e-01 6.893153190612792969e-01
-1.031530499458312988e-01 -7.216928005218505859e-01 6.844844222068786621e-01
-1.126522496342658997e-01 -7.249834537506103516e-01 6.794913411140441895e-01
-1.215771436691284180e-01 -7.283257842063903809e-01 6.743593215942382812e-01
-1.298530101776123047e-01 -7.317337393760681152e-01 6.691068410873413086e-01
-1.374277323484420776e-01 -7.352251410484313965e-01 6.637452244758605957e-01
-1.442736834287643433e-01 -7.388180494308471680e-01 6.582803726196289062e-01
-1.503834128379821777e-01 -7.425328493118286133e-01 6.527095437049865723e-01
-1.557694077491760254e-01 -7.463884949684143066e-01 6.470241546630859375e-01
-1.604599356651306152e-01 -7.504026889801025391e-01 6.412084698677062988e-01
-1.644983291625976562e-01 -7.545931339263916016e-01 6.352397203445434570e-01
-1.679384559392929077e-01 -7.589738965034484863e-01 6.290909051895141602e-01
-1.708453148603439331e-01 -7.635565996170043945e-01 6.227304339408874512e-01
-1.732901781797409058e-01 -7.683494687080383301e-01 6.161246895790100098e-01
-1.753497719764709473e-01 -7.733569741249084473e-01 6.092385053634643555e-01
-1.771024912595748901e-01 -7.785780429840087891e-01 6.020389199256896973e-01
-1.786287426948547363e-01 -7.840069532394409180e-01 5.944956541061401367e-01
-1.800086051225662231e-01 -7.896291613578796387e-01 5.865856409072875977e-01
-1.813164204359054565e-01 -7.954255938529968262e-01 5.782927274703979492e-01
-1.826256215572357178e-01 -8.013672232627868652e-01 5.696125030517578125e-01
-1.840016096830368042e-01 -8.074170351028442383e-01 5.605543255805969238e-01
-1.855021417140960693e-01 -8.135290741920471191e-01 5.511436462402343750e-01
-1.871795058250427246e-01 -8.196497559547424316e-01 5.414223670959472656e-01
-1.890755444765090942e-01 -8.257166743278503418e-01 5.314531326293945312e-01
-1.912223994731903076e-01 -8.316620588302612305e-01 5.213177204132080078e-01
-1.936445236206054688e-01 -8.374129533767700195e-01 5.111176967620849609e-01
-1.963554620742797852e-01 -8.428954482078552246e-01 5.009707808494567871e-01
-1.993599683046340942e-01 -8.480362296104431152e-01 4.910092949867248535e-01
-2.026529163122177124e-01 -8.527671694755554199e-01 4.813729524612426758e-01
-2.062205523252487183e-01 -8.570283651351928711e-01 4.722027778625488281e-01
-2.100411802530288696e-01 -8.607702255249023438e-01 4.636349380016326904e-01
-2.140854448080062866e-01 -8.639596700668334961e-01 4.557862877845764160e-01
-2.183171063661575317e-01 -8.665786385536193848e-01 4.487527906894683838e-01
-2.226938903331756592e-01 -8.686283826828002930e-01 4.425971210002899170e-01
-2.271706163883209229e-01 -8.701284527778625488e-01 4.373442828655242920e-01
-2.316998243331909180e-01 -8.711158633232116699e-01 4.329806566238403320e-01
-2.362324744462966919e-01 -8.716457486152648926e-01 4.294507503509521484e-01
-2.407225370407104492e-01 -8.717858791351318359e-01 4.266637861728668213e-01
-2.451265305280685425e-01 -8.716149926185607910e-01 4.244999885559082031e-01
-2.494052946567535400e-01 -8.712209463119506836e-01 4.228131473064422607e-01
-2.535264492034912109e-01 -8.706930875778198242e-01 4.214473664760589600e-01
-2.574632465839385986e-01 -8.701220750808715820e-01 4.202383756637573242e-01
-2.611964344978332520e-01 -8.695934414863586426e-01 4.190270602703094482e-01
-2.647114098072052002e-01 -8.691882491111755371e-01 4.176598191261291504e-01
-2.680006325244903564e-01 -8.689768314361572266e-01 4.159987568855285645e-01
-2.710594534873962402e-01 -8.690204024314880371e-01 4.139208197593688965e-01
-2.738847434520721436e-01 -8.693692088127136230e-01 4.113202393054962158e-01
-2.764764130115509033e-01 -8.700608611106872559e-01 4.081112444400787354e-01
-2.788315415382385254e-01 -8.711234927177429199e-01 4.042237401008605957e-01
-2.809467017650604248e-01 -8.725733160972595215e-01 3.996058404445648193e-01
-2.828166484832763672e-01 -8.744165897369384766e-01 3.942210972309112549e-01
-2.844333052635192871e-01 -8.766509890556335449e-01 3.880475163459777832e-01
-2.857851982116699219e-01 -8.792648911476135254e-01 3.810775279998779297e-01
-2.868621349334716797e-01 -8.822388052940368652e-01 3.733159005641937256e-01
-2.876500785350799561e-01 -8.855467438697814941e-01 3.647797107696533203e-01
-2.881380915641784668e-01 -8.891552090644836426e-01 3.554987609386444092e-01
-2.883157730102539062e-01 -8.930247426033020020e-01 3.455152213573455811e-01
-2.881760299205780029e-01 -8.971108198165893555e-01 3.348834514617919922e-01
-2.877173423767089844e-01 -9.013635516166687012e-01 3.236704468727111816e-01
-2.869438230991363525e-01 -9.057300686836242676e-01 3.119556009769439697e-01
-2.858637273311614990e-01 -9.101561903953552246e-01 2.998294234275817871e-01
-2.844957113265991211e-01 -9.145855307579040527e-01 2.873941957950592041e-01
-2.828645110130310059e-01 -9.189638495445251465e-01 2.747600674629211426e-01
-2.810021042823791504e-01 -9.232388734817504883e-01 2.620455026626586914e-01
-2.789472937583923340e-01 -9.273628592491149902e-01 2.493722289800643921e-01
-2.767457962036132812e-01 -9.312930107116699219e-01 2.368650585412979126e-01
-2.744448781013488770e-01 -9.349942803382873535e-01 2.246456593275070190e-01
-2.720964848995208740e-01 -9.384378790855407715e-01 2.128326594829559326e-01
-2.697512805461883545e-01 -9.416037797927856445e-01 2.015356719493865967e-01
-2.674587965011596680e-01 -9.444788098335266113e-01 1.908548027276992798e-01
-2.652634978294372559e-01 -9.470579028129577637e-01 1.808772981166839600e-01
-2.632065415382385254e-01 -9.493416547775268555e-01 1.716765910387039185e-01
-2.613203525543212891e-01 -9.513365030288696289e-01 1.633112877607345581e-01
-2.596309781074523926e-01 -9.530532360076904297e-01 1.558245569467544556e-01
-2.581566572189331055e-01 -9.545057415962219238e-01 1.492443978786468506e-01
-2.569071948528289795e-01 -9.557103514671325684e-01 1.435841023921966553e-01
-2.558835744857788086e-01 -9.566850662231445312e-01 1.388429850339889526e-01
-2.550812959671020508e-01 -9.574477672576904297e-01 1.350086778402328491e-01
-2.544871270656585693e-01 -9.580175280570983887e-01 1.320559978485107422e-01
-2.540817558765411377e-01 -9.584129452705383301e-01 1.299501955509185791e-01
-2.538410127162933350e-01 -9.586523175239562988e-01 1.286489218473434448e-01
-2.537342905998229980e-01 -9.587540626525878906e-01 1.280996650457382202e-01
-2.537289261817932129e-01 -9.587356448173522949e-01 1.282479166984558105e-01
-2.537868320941925049e-01 -9.586151838302612305e-01 1.290316283702850342e-01
-2.538704872131347656e-01 -9.584094882011413574e-01 1.303881406784057617e-01
-2.539331912994384766e-01 -9.581360816955566406e-01 1.322620809078216553e-01
-2.539460659027099609e-01 -9.577987790107727051e-01 1.346586346626281738e-01
-2.536115348339080811e-01 -9.575966000556945801e-01 1.367109417915344238e-01
-2.538354694843292236e-01 -9.572520256042480469e-01 1.386940479278564453e-01
