6.925584316253662109e+00 1.348421764373779297e+01 1.779047369956970215e+00
6.958916664123535156e+00 1.367255783081054688e+01 1.811675429344177246e+00
6.991168022155761719e+00 1.384872817993164062e+01 1.841534018516540527e+00
7.013637065887451172e+00 1.400359058380126953e+01 1.866590857505798340e+00
7.022940635681152344e+00 1.416733646392822266e+01 1.900439858436584473e+00
7.035001754760742188e+00 1.431755352020263672e+01 1.930572867393493652e+00
7.049610137939453125e+00 1.445368862152099609e+01 1.956834673881530762e+00
7.066156864166259766e+00 1.457595252990722656e+01 1.979435086250305176e+00
7.084049224853515625e+00 1.468472099304199219e+01 1.998617529869079590e+00
7.102723121643066406e+00 1.478049468994140625e+01 2.014653682708740234e+00
7.121290206909179688e+00 1.486322975158691406e+01 2.027940034866333008e+00
7.137240886688232422e+00 1.492993450164794922e+01 2.039392471313476562e+00
7.154024124145507812e+00 1.498840904235839844e+01 2.048092126846313477e+00
7.171008110046386719e+00 1.503896236419677734e+01 2.054384946823120117e+00
7.187603950500488281e+00 1.508187580108642578e+01 2.058595180511474609e+00
7.203264236450195312e+00 1.511738491058349609e+01 2.061019420623779297e+00
7.214384555816650391e+00 1.514001274108886719e+01 2.062880039215087891e+00
7.222723007202148438e+00 1.515385150909423828e+01 2.063711881637573242e+00
7.228146076202392578e+00 1.515939331054687500e+01 2.063602685928344727e+00
7.230374813079833984e+00 1.515667438507080078e+01 2.062652111053466797e+00
7.229148864746093750e+00 1.514557647705078125e+01 2.060913324356079102e+00
7.224219322204589844e+00 1.512583446502685547e+01 2.058403968811035156e+00
7.215346336364746094e+00 1.509703063964843750e+01 2.055095195770263672e+00
7.202308654785156250e+00 1.505862045288085938e+01 2.050925254821777344e+00
7.184883117675781250e+00 1.500994205474853516e+01 2.045795917510986328e+00
7.162868499755859375e+00 1.495024204254150391e+01 2.039580106735229492e+00
7.136059761047363281e+00 1.487870216369628906e+01 2.032129049301147461e+00
7.104274272918701172e+00 1.479446506500244141e+01 2.023275375366210938e+00
7.066515922546386719e+00 1.469777679443359375e+01 2.013470411300659180e+00
7.018442153930664062e+00 1.459341430664062500e+01 2.005720853805541992e+00
6.958529472351074219e+00 1.446849727630615234e+01 1.994978785514831543e+00
6.890360355377197266e+00 1.432622432708740234e+01 1.982007861137390137e+00
6.815380096435546875e+00 1.416770839691162109e+01 1.967070937156677246e+00
6.733496189117431641e+00 1.399259376525878906e+01 1.950065970420837402e+00
6.644674301147460938e+00 1.380069637298583984e+01 1.930914521217346191e+00
6.548938751220703125e+00 1.359202671051025391e+01 1.909563183784484863e+00
6.446390151977539062e+00 1.336680507659912109e+01 1.885987401008605957e+00
6.327758789062500000e+00 1.312390804290771484e+01 1.865204691886901855e+00
6.201850414276123047e+00 1.286489009857177734e+01 1.842477202415466309e+00
6.067274093627929688e+00 1.259129905700683594e+01 1.820025324821472168e+00
5.933031558990478516e+00 1.231493186950683594e+01 1.799151062965393066e+00
5.795743942260742188e+00 1.202813529968261719e+01 1.776007771492004395e+00
5.655986785888671875e+00 1.173229885101318359e+01 1.750689625740051270e+00
5.514380455017089844e+00 1.142894744873046875e+01 1.723322272300720215e+00
5.371562957763671875e+00 1.111970138549804688e+01 1.694054007530212402e+00
5.224103927612304688e+00 1.080298423767089844e+01 1.664030790328979492e+00
5.073218345642089844e+00 1.048097515106201172e+01 1.633315205574035645e+00
4.958786964416503906e+00 1.021722412109375000e+01 1.601959586143493652e+00
4.879183292388916016e+00 1.000966453552246094e+01 1.570130825042724609e+00
4.800136566162109375e+00 9.803317070007324219e+00 1.537703990936279297e+00
4.722061157226562500e+00 9.599362373352050781e+00 1.504870653152465820e+00
4.645379066467285156e+00 9.398935317993164062e+00 1.471818566322326660e+00
4.565378189086914062e+00 9.202260017395019531e+00 1.441448807716369629e+00
4.474430084228515625e+00 9.008992195129394531e+00 1.418192625045776367e+00
4.386184692382812500e+00 8.822208404541015625e+00 1.395167827606201172e+00
4.301096439361572266e+00 8.642711639404296875e+00 1.372472882270812988e+00
4.219578742980957031e+00 8.471179962158203125e+00 1.350188970565795898e+00
4.142001152038574219e+00 8.308176994323730469e+00 1.328388810157775879e+00
4.068688869476318359e+00 8.154132843017578125e+00 1.307127356529235840e+00
3.999909162521362305e+00 8.009350776672363281e+00 1.286450028419494629e+00
3.930624246597290039e+00 7.862379074096679688e+00 1.264169931411743164e+00
3.808382749557495117e+00 7.596766471862792969e+00 1.218090534210205078e+00
3.713279008865356445e+00 7.370167732238769531e+00 1.178503632545471191e+00
3.632522821426391602e+00 7.167168617248535156e+00 1.142362952232360840e+00
3.543865442276000977e+00 6.982525825500488281e+00 1.116658091545104980e+00
3.450925111770629883e+00 6.814611911773681641e+00 1.099061846733093262e+00
3.365311384201049805e+00 6.659317493438720703e+00 1.082327961921691895e+00
3.286689758300781250e+00 6.515813827514648438e+00 1.066390395164489746e+00
3.214644432067871094e+00 6.383162498474121094e+00 1.051173806190490723e+00
3.149337768554687500e+00 6.261699676513671875e+00 1.036605596542358398e+00
3.110855340957641602e+00 6.173190116882324219e+00 1.025831341743469238e+00
3.083444118499755859e+00 6.096765995025634766e+00 1.016913414001464844e+00
3.058735132217407227e+00 6.025284290313720703e+00 1.008118391036987305e+00
3.035266637802124023e+00 5.958449363708496094e+00 1.000609159469604492e+00
3.013978242874145508e+00 5.898982048034667969e+00 1.000368118286132812e+00
2.999075174331665039e+00 5.842384815216064453e+00 9.996950626373291016e-01
2.985067605972290039e+00 5.787490844726562500e+00 9.989199638366699219e-01
2.962353229522705078e+00 5.731192111968994141e+00 1.001551866531372070e+00
2.949351549148559570e+00 5.688481807708740234e+00 9.966928958892822266e-01
2.936132431030273438e+00 5.645845890045166016e+00 9.917818307876586914e-01
2.922364473342895508e+00 5.602826118469238281e+00 9.868810176849365234e-01
2.907908201217651367e+00 5.559227943420410156e+00 9.819604158401489258e-01
2.892659902572631836e+00 5.514943599700927734e+00 9.769997596740722656e-01
2.876555681228637695e+00 5.469965934753417969e+00 9.719921350479125977e-01
2.859571695327758789e+00 5.424381732940673828e+00 9.669425487518310547e-01
2.837963581085205078e+00 5.373771667480468750e+00 9.630986452102661133e-01
2.812456607818603516e+00 5.319040298461914062e+00 9.607038497924804688e-01
2.786195516586303711e+00 5.264400005340576172e+00 9.585286378860473633e-01
2.759429216384887695e+00 5.210531234741210938e+00 9.563850164413452148e-01
2.732239484786987305e+00 5.157582283020019531e+00 9.543045759201049805e-01
2.705200672149658203e+00 5.106291770935058594e+00 9.522070884704589844e-01
2.682010412216186523e+00 5.062923908233642578e+00 9.494684934616088867e-01
2.659352540969848633e+00 5.022872447967529297e+00 9.469207525253295898e-01
2.637573957443237305e+00 4.986946105957031250e+00 9.446152448654174805e-01
2.617039918899536133e+00 4.955976009368896484e+00 9.426037073135375977e-01
2.598132610321044922e+00 4.930807113647460938e+00 9.409397840499877930e-01
2.581239461898803711e+00 4.912274837493896484e+00 9.396746158599853516e-01
2.566751718521118164e+00 4.901197433471679688e+00 9.388585686683654785e-01
2.555056333541870117e+00 4.898358345031738281e+00 9.385386705398559570e-01
2.546526193618774414e+00 4.904489517211914062e+00 9.387571811676025391e-01
2.541478395462036133e+00 4.920191764831542969e+00 9.395796060562133789e-01
2.537955522537231445e+00 4.942243576049804688e+00 9.426354169845581055e-01
2.538206338882446289e+00 4.974390506744384766e+00 9.465908408164978027e-01
2.540514707565307617e+00 5.018930912017822266e+00 9.530177116394042969e-01
2.533761739730834961e+00 5.087046623229980469e+00 9.708321094512939453e-01
2.531689643859863281e+00 5.175986289978027344e+00 9.910670518875122070e-01
2.545779466629028320e+00 5.336019992828369141e+00 1.023279070854187012e+00
2.582315206527709961e+00 5.536777019500732422e+00 1.046544075012207031e+00
2.646616935729980469e+00 5.774007797241210938e+00 1.069695591926574707e+00
2.714802026748657227e+00 6.019018173217773438e+00 1.098280072212219238e+00
2.790976762771606445e+00 6.283225536346435547e+00 1.128028273582458496e+00
2.899381399154663086e+00 6.615215778350830078e+00 1.167200922966003418e+00
3.000259637832641602e+00 7.004148960113525391e+00 1.235397577285766602e+00
3.101325750350952148e+00 7.412857055664062500e+00 1.309771776199340820e+00
3.236720323562622070e+00 7.896780490875244141e+00 1.411286592483520508e+00
3.370592117309570312e+00 8.341338157653808594e+00 1.506481170654296875e+00
3.485453844070434570e+00 8.674923896789550781e+00 1.580300688743591309e+00
3.605433464050292969e+00 9.013586997985839844e+00 1.653172254562377930e+00
3.729675292968750000e+00 9.355334281921386719e+00 1.724744319915771484e+00
3.950339555740356445e+00 9.782541275024414062e+00 1.781868219375610352e+00
4.191569805145263672e+00 1.025059795379638672e+01 1.836349725723266602e+00
4.431307792663574219e+00 1.071399974822998047e+01 1.889172315597534180e+00
4.620409965515136719e+00 1.113164138793945312e+01 1.952409982681274414e+00
4.748963832855224609e+00 1.149424839019775391e+01 2.028101682662963867e+00
4.875303268432617188e+00 1.184788990020751953e+01 2.100813150405883789e+00
4.998701095581054688e+00 1.219090652465820312e+01 2.170301675796508789e+00
5.118486404418945312e+00 1.252176380157470703e+01 2.236349344253540039e+00
5.234053611755371094e+00 1.283908367156982422e+01 2.298758506774902344e+00
5.381138801574707031e+00 1.316273880004882812e+01 2.343133926391601562e+00
5.554469108581542969e+00 1.348883533477783203e+01 2.371186733245849609e+00
5.708944320678710938e+00 1.378852272033691406e+01 2.399070501327514648e+00
5.791343212127685547e+00 1.401895332336425781e+01 2.440141201019287109e+00
5.867512702941894531e+00 1.423203277587890625e+01 2.477415323257446289e+00
5.937276840209960938e+00 1.442721080780029297e+01 2.510750532150268555e+00
6.000534057617187500e+00 1.460403823852539062e+01 2.539990425109863281e+00
6.057262420654296875e+00 1.476216316223144531e+01 2.564960479736328125e+00
6.107504844665527344e+00 1.490131664276123047e+01 2.585473537445068359e+00
6.151366233825683594e+00 1.502129745483398438e+01 2.601324796676635742e+00
6.188998222351074219e+00 1.512196826934814453e+01 2.612301826477050781e+00
6.220599174499511719e+00 1.520323848724365234e+01 2.618177175521850586e+00
6.246395111083984375e+00 1.526506519317626953e+01 2.618724346160888672e+00
6.266642093658447266e+00 1.530744361877441406e+01 2.613719701766967773e+00
6.281608581542968750e+00 1.533040714263916016e+01 2.602948904037475586e+00
6.291571617126464844e+00 1.533403015136718750e+01 2.586214542388916016e+00
6.307928562164306641e+00 1.532796955108642578e+01 2.566732883453369141e+00
6.345015525817871094e+00 1.532445430755615234e+01 2.548654556274414062e+00
6.399710655212402344e+00 1.530424594879150391e+01 2.519810199737548828e+00
6.476037979125976562e+00 1.526791095733642578e+01 2.479338884353637695e+00
6.551427841186523438e+00 1.521409320831298828e+01 2.432218313217163086e+00
6.625943183898925781e+00 1.514317226409912109e+01 2.378529310226440430e+00
6.699509620666503906e+00 1.505559444427490234e+01 2.318432092666625977e+00
6.771924018859863281e+00 1.495188426971435547e+01 2.252171277999877930e+00
6.842839241027832031e+00 1.483264732360839844e+01 2.180081129074096680e+00
6.911810874938964844e+00 1.469860553741455078e+01 2.102584600448608398e+00
6.937607765197753906e+00 1.451838207244873047e+01 2.030561447143554688e+00
6.914801597595214844e+00 1.432766246795654297e+01 1.986563563346862793e+00
6.985690116882324219e+00 1.420384216308593750e+01 1.943237900733947754e+00
7.035458087921142578e+00 1.403785419464111328e+01 1.902953028678894043e+00
7.067024230957031250e+00 1.383737468719482422e+01 1.864927887916564941e+00
7.073185443878173828e+00 1.360739231109619141e+01 1.820881009101867676e+00
7.075707435607910156e+00 1.338369655609130859e+01 1.783423304557800293e+00
7.075090408325195312e+00 1.316152667999267578e+01 1.748569607734680176e+00
7.067697525024414062e+00 1.293500518798828125e+01 1.713184237480163574e+00
7.053478240966796875e+00 1.270628547668457031e+01 1.677626490592956543e+00
7.032494544982910156e+00 1.247762584686279297e+01 1.642268300056457520e+00
6.992973327636718750e+00 1.224938392639160156e+01 1.613829016685485840e+00
6.944786071777343750e+00 1.202551174163818359e+01 1.587611079216003418e+00
6.892497539520263672e+00 1.180906772613525391e+01 1.561794161796569824e+00
6.836750984191894531e+00 1.160240554809570312e+01 1.536683440208435059e+00
6.778284072875976562e+00 1.140780639648437500e+01 1.512575268745422363e+00
6.717903137207031250e+00 1.122743129730224609e+01 1.489754319190979004e+00
6.656471729278564453e+00 1.106328201293945312e+01 1.468489766120910645e+00
6.594248771667480469e+00 1.092145156860351562e+01 1.449216961860656738e+00
6.533318519592285156e+00 1.079568862915039062e+01 1.431813359260559082e+00
6.474856376647949219e+00 1.068558406829833984e+01 1.416398882865905762e+00
6.418375015258789062e+00 1.060144805908203125e+01 1.403541922569274902e+00
6.365240097045898438e+00 1.054055023193359375e+01 1.393220067024230957e+00
6.316321372985839844e+00 1.050281143188476562e+01 1.385507106781005859e+00
6.272324562072753906e+00 1.048836040496826172e+01 1.380465269088745117e+00
6.233865261077880859e+00 1.049702453613281250e+01 1.378123164176940918e+00
6.201454162597656250e+00 1.052833175659179688e+01 1.378477573394775391e+00
6.175479888916015625e+00 1.058152675628662109e+01 1.381494283676147461e+00
6.156213760375976562e+00 1.065559959411621094e+01 1.387110233306884766e+00
6.143798828125000000e+00 1.074930095672607422e+01 1.395234584808349609e+00
6.129005432128906250e+00 1.085965061187744141e+01 1.410660386085510254e+00
6.117612838745117188e+00 1.098599147796630859e+01 1.430133223533630371e+00
6.112587928771972656e+00 1.112707233428955078e+01 1.451805233955383301e+00
6.113718032836914062e+00 1.128103256225585938e+01 1.475447773933410645e+00
6.120681285858154297e+00 1.144592952728271484e+01 1.500820755958557129e+00
6.133132934570312500e+00 1.161996555328369141e+01 1.527776598930358887e+00
6.158863067626953125e+00 1.182003116607666016e+01 1.564400792121887207e+00
6.188528060913085938e+00 1.202425670623779297e+01 1.601720929145812988e+00
6.221384525299072266e+00 1.223050022125244141e+01 1.639445424079895020e+00
6.255373001098632812e+00 1.243539428710937500e+01 1.676993489265441895e+00
6.277248382568359375e+00 1.262430858612060547e+01 1.711140275001525879e+00
6.300826072692871094e+00 1.281023693084716797e+01 1.745141625404357910e+00
6.311050415039062500e+00 1.301062297821044922e+01 1.789687275886535645e+00
6.316620349884033203e+00 1.321111011505126953e+01 1.837356209754943848e+00
6.303077697753906250e+00 1.336284255981445312e+01 1.888979315757751465e+00
6.292834281921386719e+00 1.350653934478759766e+01 1.937215447425842285e+00
6.309792995452880859e+00 1.365316677093505859e+01 1.978509545326232910e+00
6.363008499145507812e+00 1.380636405944824219e+01 2.011381864547729492e+00
6.408839225769042969e+00 1.394385528564453125e+01 2.041617155075073242e+00
6.446666240692138672e+00 1.406461715698242188e+01 2.069099426269531250e+00
6.453921318054199219e+00 1.415026473999023438e+01 2.099327325820922852e+00
6.412688255310058594e+00 1.418613147735595703e+01 2.136636734008789062e+00
6.364118099212646484e+00 1.420434951782226562e+01 2.170331716537475586e+00
6.308088302612304688e+00 1.420438671112060547e+01 2.200249910354614258e+00
6.244557380676269531e+00 1.418580913543701172e+01 2.226224899291992188e+00
6.173568725585937500e+00 1.414827823638916016e+01 2.248087406158447266e+00
6.095249176025390625e+00 1.409156227111816406e+01 2.265666246414184570e+00
6.009782791137695312e+00 1.401553440093994141e+01 2.278792858123779297e+00
5.917431354522705078e+00 1.392017841339111328e+01 2.287304639816284180e+00
5.818512439727783203e+00 1.380559921264648438e+01 2.291051626205444336e+00
5.713386535644531250e+00 1.367201328277587891e+01 2.289898395538330078e+00
5.602466583251953125e+00 1.351976776123046875e+01 2.283730506896972656e+00
5.472513198852539062e+00 1.332446956634521484e+01 2.276697874069213867e+00
5.346140861511230469e+00 1.310006237030029297e+01 2.266550540924072266e+00
5.233551025390625000e+00 1.286185932159423828e+01 2.250799894332885742e+00
5.110411643981933594e+00 1.259819412231445312e+01 2.228438138961791992e+00
4.977159976959228516e+00 1.233927631378173828e+01 2.207855701446533203e+00
4.842759132385253906e+00 1.206551742553710938e+01 2.182672262191772461e+00
4.707861900329589844e+00 1.177824783325195312e+01 2.152983188629150391e+00
4.573091506958007812e+00 1.147889804840087891e+01 2.118932008743286133e+00
4.439035415649414062e+00 1.116898536682128906e+01 2.080707550048828125e+00
4.307385444641113281e+00 1.085270500183105469e+01 2.039698600769042969e+00
4.182557106018066406e+00 1.054061794281005859e+01 2.000109910964965820e+00
4.059938430786132812e+00 1.022291374206542969e+01 1.957211256027221680e+00
3.939877271652221680e+00 9.901208877563476562e+00 1.911326408386230469e+00
3.822663068771362305e+00 9.577107429504394531e+00 1.862809538841247559e+00
3.708524942398071289e+00 9.252196311950683594e+00 1.812041640281677246e+00
3.597640991210937500e+00 8.928018569946289062e+00 1.759420394897460938e+00
3.490128755569458008e+00 8.606059074401855469e+00 1.705359935760498047e+00
3.423302888870239258e+00 8.382685661315917969e+00 1.663184046745300293e+00
3.374544382095336914e+00 8.201477050781250000e+00 1.625459671020507812e+00
3.328706502914428711e+00 8.025049209594726562e+00 1.587344050407409668e+00
3.285501718521118164e+00 7.853890895843505859e+00 1.549145936965942383e+00
3.244633197784423828e+00 7.688411712646484375e+00 1.511158585548400879e+00
3.211685180664062500e+00 7.540135860443115234e+00 1.472802281379699707e+00
3.185214996337890625e+00 7.410746574401855469e+00 1.432565569877624512e+00
3.149936437606811523e+00 7.263083457946777344e+00 1.389839649200439453e+00
3.061360120773315430e+00 6.988720417022705078e+00 1.327280879020690918e+00
2.974534273147583008e+00 6.723269939422607422e+00 1.266933441162109375e+00
2.889470815658569336e+00 6.467228889465332031e+00 1.208996653556823730e+00
2.835474729537963867e+00 6.239846229553222656e+00 1.159080147743225098e+00
2.802513360977172852e+00 6.034939289093017578e+00 1.115433096885681152e+00
2.768172502517700195e+00 5.833783149719238281e+00 1.074439406394958496e+00
2.719210147857666016e+00 5.661895751953125000e+00 1.039206266403198242e+00
2.681774377822875977e+00 5.500635623931884766e+00 1.002701163291931152e+00
2.664333581924438477e+00 5.293214797973632812e+00 9.797081947326660156e-01
2.635846376419067383e+00 5.106226444244384766e+00 9.607819318771362305e-01
2.612862825393676758e+00 4.935133934020996094e+00 9.433007240295410156e-01
2.575270414352416992e+00 4.793725967407226562e+00 9.289033412933349609e-01
2.528538465499877930e+00 4.676611900329589844e+00 9.185560941696166992e-01
2.484267950057983398e+00 4.566808223724365234e+00 9.091742634773254395e-01
2.442322492599487305e+00 4.463978290557861328e+00 9.006925225257873535e-01
2.402554988861083984e+00 4.367754459381103516e+00 8.930392265319824219e-01
2.365868806838989258e+00 4.290930271148681641e+00 8.877114057540893555e-01
2.334205865859985352e+00 4.243387699127197266e+00 8.853386044502258301e-01
2.304060220718383789e+00 4.199202060699462891e+00 8.833452463150024414e-01
2.275296926498413086e+00 4.158084869384765625e+00 8.816699981689453125e-01
2.247784376144409180e+00 4.119742870330810547e+00 8.802525401115417480e-01
2.226100206375122070e+00 4.096277236938476562e+00 8.785231113433837891e-01
2.207900285720825195e+00 4.083856582641601562e+00 8.758264780044555664e-01
2.191607236862182617e+00 4.078228473663330078e+00 8.723212480545043945e-01
2.183614492416381836e+00 4.050420761108398438e+00 8.736344575881958008e-01
2.177201032638549805e+00 4.019926548004150391e+00 8.757080435752868652e-01
2.170939207077026367e+00 3.990593433380126953e+00 8.776798844337463379e-01
2.164789676666259766e+00 3.962165355682373047e+00 8.795305490493774414e-01
2.158716440200805664e+00 3.934416770935058594e+00 8.812444210052490234e-01
2.161062002182006836e+00 3.915614128112792969e+00 8.786703348159790039e-01
2.169204473495483398e+00 3.898677349090576172e+00 8.745047450065612793e-01
2.179790735244750977e+00 3.881860256195068359e+00 8.698028922080993652e-01
2.189950227737426758e+00 3.864919185638427734e+00 8.650564551353454590e-01
2.199666023254394531e+00 3.847790002822875977e+00 8.602630496025085449e-01
2.208920478820800781e+00 3.830436944961547852e+00 8.554280996322631836e-01
2.218280076980590820e+00 3.814008474349975586e+00 8.506990671157836914e-01
2.229334592819213867e+00 3.801699161529541016e+00 8.464667797088623047e-01
2.239783048629760742e+00 3.789051055908203125e+00 8.422253727912902832e-01
2.249577283859252930e+00 3.776074409484863281e+00 8.379967212677001953e-01
2.258673191070556641e+00 3.762804746627807617e+00 8.338055014610290527e-01
2.266990184783935547e+00 3.751080989837646484e+00 8.299570083618164062e-01
2.274505376815795898e+00 3.740335464477539062e+00 8.263832330703735352e-01
2.277021884918212891e+00 3.728640556335449219e+00 8.238598704338073730e-01
2.278127908706665039e+00 3.716717481613159180e+00 8.216086030006408691e-01
2.278692960739135742e+00 3.704823493957519531e+00 8.194628953933715820e-01
2.278743505477905273e+00 3.693067789077758789e+00 8.174442052841186523e-01
2.278314352035522461e+00 3.681571960449218750e+00 8.155745863914489746e-01
2.277444601058959961e+00 3.670454025268554688e+00 8.138716816902160645e-01
2.276181459426879883e+00 3.659833908081054688e+00 8.123514652252197266e-01
2.274574279785156250e+00 3.649824619293212891e+00 8.110259771347045898e-01
2.272680044174194336e+00 3.640530586242675781e+00 8.099024295806884766e-01
2.270556211471557617e+00 3.632042407989501953e+00 8.089830279350280762e-01
2.268262386322021484e+00 3.624435901641845703e+00 8.082640767097473145e-01
2.265858411788940430e+00 3.617761611938476562e+00 8.077344894409179688e-01
2.263401746749877930e+00 3.612049102783203125e+00 8.073778152465820312e-01
2.260946989059448242e+00 3.607295036315917969e+00 8.071680665016174316e-01
2.258543014526367188e+00 3.603469610214233398e+00 8.070739507675170898e-01
2.256230592727661133e+00 3.600505828857421875e+00 8.070548176765441895e-01
2.254040241241455078e+00 3.598300457000732422e+00 8.070631027221679688e-01
2.251992702484130859e+00 3.596718072891235352e+00 8.070445060729980469e-01
2.250096559524536133e+00 3.595583438873291016e+00 8.069379925727844238e-01
2.248344421386718750e+00 3.594688177108764648e+00 8.066775798797607422e-01
2.246714353561401367e+00 3.593792200088500977e+00 8.061926960945129395e-01
2.245169878005981445e+00 3.592628002166748047e+00 8.054103255271911621e-01
2.243659019470214844e+00 3.590904712677001953e+00 8.042563199996948242e-01
2.242115497589111328e+00 3.588316917419433594e+00 8.026572465896606445e-01
2.240456581115722656e+00 3.584545612335205078e+00 8.005419373512268066e-01
2.238589525222778320e+00 3.579274177551269531e+00 7.978450059890747070e-01
2.236409664154052734e+00 3.572193145751953125e+00 7.945073843002319336e-01
2.233805656433105469e+00 3.563009262084960938e+00 7.904800772666931152e-01
2.230660438537597656e+00 3.551457643508911133e+00 7.857248187065124512e-01
2.226855516433715820e+00 3.537307262420654297e+00 7.802166342735290527e-01
2.222275495529174805e+00 3.520373821258544922e+00 7.739454507827758789e-01
2.216810464859008789e+00 3.500525236129760742e+00 7.669170498847961426e-01
2.210421323776245117e+00 3.477809906005859375e+00 7.591694593429565430e-01
2.203179597854614258e+00 3.452531814575195312e+00 7.507798671722412109e-01
2.194869279861450195e+00 3.424462080001831055e+00 7.417722940444946289e-01
2.185471057891845703e+00 3.393789529800415039e+00 7.322287559509277344e-01
2.170391082763671875e+00 3.368455886840820312e+00 7.253150343894958496e-01
2.153815984725952148e+00 3.341839790344238281e+00 7.183688879013061523e-01
2.136598587036132812e+00 3.312994003295898438e+00 7.109822630882263184e-01
2.118874788284301758e+00 3.282260894775390625e+00 7.032510638236999512e-01
2.100801706314086914e+00 3.250038623809814453e+00 6.952819824218750000e-01
2.082551240921020508e+00 3.216765880584716797e+00 6.871880888938903809e-01
2.064312219619750977e+00 3.182919979095458984e+00 6.790893673896789551e-01
2.046282291412353516e+00 3.148995876312255859e+00 6.711075305938720703e-01
2.034980773925781250e+00 3.120097398757934570e+00 6.635834574699401855e-01
2.024320125579833984e+00 3.092154264450073242e+00 6.564173698425292969e-01
2.018213033676147461e+00 3.071624279022216797e+00 6.487609744071960449e-01
2.012811899185180664e+00 3.053070545196533203e+00 6.415691375732421875e-01
2.007392883300781250e+00 3.035647153854370117e+00 6.351112127304077148e-01
2.002007246017456055e+00 3.019622325897216797e+00 6.294783353805541992e-01
1.996702909469604492e+00 3.005228757858276367e+00 6.247445940971374512e-01
1.991526365280151367e+00 2.992661952972412109e+00 6.209698915481567383e-01
1.986518383026123047e+00 2.982075691223144531e+00 6.181947588920593262e-01
1.981715440750122070e+00 2.973578929901123047e+00 6.164436340332031250e-01
1.977146506309509277e+00 2.967238187789916992e+00 6.157225966453552246e-01
1.972831487655639648e+00 2.963073253631591797e+00 6.160212755203247070e-01
1.968784570693969727e+00 2.961064815521240234e+00 6.173124313354492188e-01
1.965009331703186035e+00 2.961152076721191406e+00 6.195543408393859863e-01
1.961504101753234863e+00 2.963240623474121094e+00 6.226915121078491211e-01
1.955479264259338379e+00 2.971832275390625000e+00 6.285272240638732910e-01
1.948451519012451172e+00 2.984220504760742188e+00 6.359513401985168457e-01
1.941760659217834473e+00 2.997959375381469727e+00 6.439615488052368164e-01
1.935432076454162598e+00 3.012774467468261719e+00 6.524319052696228027e-01
1.934419155120849609e+00 3.031979799270629883e+00 6.614066958427429199e-01
1.935389876365661621e+00 3.052871227264404297e+00 6.706451773643493652e-01
1.936870217323303223e+00 3.074107170104980469e+00 6.799744963645935059e-01
1.938778996467590332e+00 3.095375537872314453e+00 6.892758607864379883e-01
1.941035747528076172e+00 3.116384267807006836e+00 6.984368562698364258e-01
1.943561553955078125e+00 3.136864185333251953e+00 7.073545455932617188e-01
1.947911381721496582e+00 3.158979415893554688e+00 7.155835628509521484e-01
1.953580021858215332e+00 3.181867122650146484e+00 7.231346964836120605e-01
1.959143400192260742e+00 3.203330039978027344e+00 7.302299737930297852e-01
1.960686445236206055e+00 3.222491264343261719e+00 7.376731038093566895e-01
1.961241722106933594e+00 3.239735841751098633e+00 7.447243928909301758e-01
1.961587905883789062e+00 3.252938747406005859e+00 7.507187128067016602e-01
1.961819171905517578e+00 3.263641834259033203e+00 7.559344768524169922e-01
1.961967468261718750e+00 3.272350311279296875e+00 7.604577541351318359e-01
1.962037801742553711e+00 3.279058694839477539e+00 7.642809748649597168e-01
1.962043523788452148e+00 3.283789634704589844e+00 7.674071788787841797e-01
1.962003827095031738e+00 3.286587238311767578e+00 7.698459029197692871e-01
1.961942434310913086e+00 3.287513256072998047e+00 7.716140747070312500e-01
1.961886644363403320e+00 3.286644935607910156e+00 7.727351784706115723e-01
1.961862802505493164e+00 3.284068346023559570e+00 7.732369899749755859e-01
1.961897373199462891e+00 3.279874324798583984e+00 7.731516957283020020e-01
1.962013244628906250e+00 3.274157047271728516e+00 7.725137472152709961e-01
1.962228059768676758e+00 3.267006874084472656e+00 7.713599801063537598e-01
1.962551832199096680e+00 3.258512020111083984e+00 7.697290182113647461e-01
1.962988495826721191e+00 3.248751878738403320e+00 7.676588296890258789e-01
1.963534355163574219e+00 3.237800598144531250e+00 7.651873230934143066e-01
1.964173793792724609e+00 3.225719451904296875e+00 7.623519301414489746e-01
1.964884519577026367e+00 3.212561845779418945e+00 7.591879963874816895e-01
1.965633153915405273e+00 3.198372364044189453e+00 7.557301521301269531e-01
1.966382741928100586e+00 3.183184623718261719e+00 7.520096898078918457e-01
1.967084765434265137e+00 3.167027950286865234e+00 7.480564713478088379e-01
1.967687010765075684e+00 3.149920940399169922e+00 7.438985705375671387e-01
1.968133926391601562e+00 3.131882429122924805e+00 7.395609617233276367e-01
1.968366026878356934e+00 3.112926483154296875e+00 7.350679636001586914e-01
1.968324422836303711e+00 3.093066215515136719e+00 7.304397821426391602e-01
1.967950344085693359e+00 3.072314739227294922e+00 7.256960272789001465e-01
1.967190265655517578e+00 3.050692081451416016e+00 7.208547592163085938e-01
1.965994238853454590e+00 3.028217077255249023e+00 7.159312963485717773e-01
1.964318513870239258e+00 3.004919528961181641e+00 7.109412550926208496e-01
1.962129116058349609e+00 2.980833053588867188e+00 7.058978676795959473e-01
1.959399580955505371e+00 2.956000328063964844e+00 7.008144855499267578e-01
1.956115841865539551e+00 2.930474281311035156e+00 6.957027316093444824e-01
1.951638221740722656e+00 2.904704570770263672e+00 6.908252239227294922e-01
1.943748235702514648e+00 2.880124092102050781e+00 6.870715618133544922e-01
1.935406208038330078e+00 2.855020046234130859e+00 6.832951307296752930e-01
1.926661133766174316e+00 2.829473495483398438e+00 6.795001029968261719e-01
1.917573213577270508e+00 2.803576946258544922e+00 6.756929755210876465e-01
1.908210992813110352e+00 2.777434349060058594e+00 6.718804240226745605e-01
1.898650646209716797e+00 2.751159667968750000e+00 6.680712699890136719e-01
1.888973474502563477e+00 2.724871397018432617e+00 6.642740368843078613e-01
1.879267454147338867e+00 2.698698997497558594e+00 6.605000495910644531e-01
1.871614694595336914e+00 2.676627874374389648e+00 6.559321880340576172e-01
1.867092609405517578e+00 2.660704851150512695e+00 6.500694751739501953e-01
1.862776517868041992e+00 2.645228147506713867e+00 6.443204879760742188e-01
1.858732938766479492e+00 2.630288600921630859e+00 6.387060284614562988e-01
1.855020284652709961e+00 2.615970134735107422e+00 6.332456469535827637e-01
1.851970434188842773e+00 2.603206634521484375e+00 6.281612515449523926e-01
1.849587440490722656e+00 2.591947078704833984e+00 6.234424710273742676e-01
1.847652196884155273e+00 2.581464767456054688e+00 6.189203262329101562e-01
1.846178531646728516e+00 2.571783781051635742e+00 6.146049499511718750e-01
1.845172643661499023e+00 2.562918663024902344e+00 6.105046868324279785e-01
1.844922780990600586e+00 2.554005146026611328e+00 6.068025231361389160e-01
1.846294999122619629e+00 2.542428731918334961e+00 6.040358543395996094e-01
1.847963094711303711e+00 2.532014369964599609e+00 6.014238595962524414e-01
1.849891662597656250e+00 2.522733688354492188e+00 5.989681482315063477e-01
1.852040648460388184e+00 2.514545917510986328e+00 5.966696739196777344e-01
1.854360342025756836e+00 2.507392406463623047e+00 5.945287942886352539e-01
1.856798648834228516e+00 2.501205921173095703e+00 5.925446748733520508e-01
1.859301328659057617e+00 2.495907783508300781e+00 5.907162427902221680e-01
1.861809968948364258e+00 2.491412162780761719e+00 5.890419483184814453e-01
1.864268302917480469e+00 2.487627983093261719e+00 5.875199437141418457e-01
1.866620659828186035e+00 2.484462261199951172e+00 5.861471891403198242e-01
1.868812322616577148e+00 2.481822013854980469e+00 5.849211215972900391e-01
1.870795726776123047e+00 2.479618072509765625e+00 5.838382244110107422e-01
1.872524857521057129e+00 2.477763891220092773e+00 5.828955173492431641e-01
1.873961448669433594e+00 2.476184606552124023e+00 5.820887088775634766e-01
1.875073909759521484e+00 2.474809885025024414e+00 5.814146995544433594e-01
1.875838279724121094e+00 2.473584651947021484e+00 5.808703303337097168e-01
1.875687360763549805e+00 2.472151517868041992e+00 5.806142091751098633e-01
1.875156521797180176e+00 2.470783233642578125e+00 5.804823637008666992e-01
1.874266386032104492e+00 2.469473361968994141e+00 5.804653167724609375e-01
1.873026371002197266e+00 2.468211650848388672e+00 5.805589556694030762e-01
1.871449351310729980e+00 2.467001438140869141e+00 5.807604193687438965e-01
1.869555473327636719e+00 2.465854883193969727e+00 5.810661911964416504e-01
1.867369890213012695e+00 2.464793205261230469e+00 5.814737677574157715e-01
1.864921331405639648e+00 2.463843345642089844e+00 5.819802284240722656e-01
1.862245917320251465e+00 2.463041067123413086e+00 5.825831890106201172e-01
1.859379529953002930e+00 2.462424755096435547e+00 5.832790136337280273e-01
1.856364011764526367e+00 2.462036132812500000e+00 5.840652585029602051e-01
1.853242039680480957e+00 2.461918830871582031e+00 5.849385857582092285e-01
1.850059986114501953e+00 2.462115287780761719e+00 5.858952999114990234e-01
1.846862912178039551e+00 2.462666749954223633e+00 5.869318246841430664e-01
1.843697547912597656e+00 2.463611125946044922e+00 5.880438089370727539e-01
1.840611219406127930e+00 2.464982748031616211e+00 5.892266035079956055e-01
1.837648391723632812e+00 2.466810464859008789e+00 5.904757976531982422e-01
1.834853172302246094e+00 2.469116210937500000e+00 5.917856097221374512e-01
1.832266330718994141e+00 2.471914291381835938e+00 5.931504964828491211e-01
1.829925537109375000e+00 2.475212335586547852e+00 5.945644378662109375e-01
1.827865600585937500e+00 2.479008913040161133e+00 5.960210561752319336e-01
1.826571941375732422e+00 2.484201431274414062e+00 5.969358682632446289e-01
