-8.759927153587341309e-01 2.605209313333034515e-02 -4.816202223300933838e-01
-8.960494399070739746e-01 6.717932876199483871e-03 -4.439035654067993164e-01
-9.108496904373168945e-01 -1.186551805585622787e-02 -4.125674664974212646e-01
-9.211439490318298340e-01 -2.267703972756862640e-02 -3.885609805583953857e-01
-9.303374886512756348e-01 -2.767228893935680389e-02 -3.656589686870574951e-01
-9.382093548774719238e-01 -3.131781890988349915e-02 -3.446480333805084229e-01
-9.450262784957885742e-01 -3.384551405906677246e-02 -3.252379596233367920e-01
-9.509230852127075195e-01 -3.543708100914955139e-02 -3.073913455009460449e-01
-9.559932351112365723e-01 -3.622125089168548584e-02 -2.911444306373596191e-01
-9.603250622749328613e-01 -3.633604198694229126e-02 -2.765057384967803955e-01
-9.640002250671386719e-01 -3.592349961400032043e-02 -2.634637653827667236e-01
-9.670928120613098145e-01 -3.513187542557716370e-02 -2.519864141941070557e-01
-9.696686267852783203e-01 -3.411203995347023010e-02 -2.420312911272048950e-01
-9.717848300933837891e-01 -3.301988914608955383e-02 -2.335464060306549072e-01
-9.734902977943420410e-01 -3.201536461710929871e-02 -2.264765501022338867e-01
-9.748255610466003418e-01 -3.126790374517440796e-02 -2.207656502723693848e-01
-9.758220911026000977e-01 -3.095449134707450867e-02 -2.163630127906799316e-01
-9.765030145645141602e-01 -3.126441687345504761e-02 -2.132233381271362305e-01
-9.768813252449035645e-01 -3.240449726581573486e-02 -2.113123238086700439e-01
-9.769576191902160645e-01 -3.459808602929115295e-02 -2.106105387210845947e-01
-9.767184257507324219e-01 -3.809766098856925964e-02 -2.111154794692993164e-01
-9.761316776275634766e-01 -4.317732527852058411e-02 -2.128440886735916138e-01
-9.751409292221069336e-01 -5.014592781662940979e-02 -2.158365100622177124e-01
-9.736566543579101562e-01 -5.934797227382659912e-02 -2.201603204011917114e-01
-9.715464711189270020e-01 -7.116336375474929810e-02 -2.259054780006408691e-01
-9.686199426651000977e-01 -8.601100742816925049e-02 -2.331901937723159790e-01
-9.646109938621520996e-01 -1.043429300189018250e-01 -2.421533614397048950e-01
-9.591568708419799805e-01 -1.266302168369293213e-01 -2.529482841491699219e-01
-9.517739415168762207e-01 -1.533478796482086182e-01 -2.657268643379211426e-01
-9.418365359306335449e-01 -1.849281191825866699e-01 -2.806162536144256592e-01
-9.285638928413391113e-01 -2.217036038637161255e-01 -2.976853847503662109e-01
-9.110311865806579590e-01 -2.638148665428161621e-01 -3.168972730636596680e-01
-8.882218003273010254e-01 -3.110972344875335693e-01 -3.380540609359741211e-01
-8.591408133506774902e-01 -3.629545867443084717e-01 -3.607503473758697510e-01
-8.230076432228088379e-01 -4.182619452476501465e-01 -3.843375742435455322e-01
-7.794971466064453125e-01 -4.753496646881103516e-01 -4.079546630382537842e-01
-7.289767861366271973e-01 -5.321293473243713379e-01 -4.306170940399169922e-01
-6.726313233375549316e-01 -5.863679647445678711e-01 -4.513752758502960205e-01
-6.123862862586975098e-01 -6.360542774200439453e-01 -4.694869518280029297e-01
-5.506169795989990234e-01 -6.797295212745666504e-01 -4.845499396324157715e-01
-4.897457063198089600e-01 -7.166656255722045898e-01 -4.965274930000305176e-01
-4.318671822547912598e-01 -7.468397021293640137e-01 -5.056887865066528320e-01
-3.785214126110076904e-01 -7.707658410072326660e-01 -5.124856829643249512e-01
-3.306351602077484131e-01 -7.892688512802124023e-01 -5.174312591552734375e-01
-2.885908186435699463e-01 -8.032826185226440430e-01 -5.210108160972595215e-01
-2.523532211780548096e-01 -8.137146830558776855e-01 -5.236278772354125977e-01
-2.216071486473083496e-01 -8.213685154914855957e-01 -5.255892276763916016e-01
-1.958757340908050537e-01 -8.269152045249938965e-01 -5.271089673042297363e-01
-1.746007204055786133e-01 -8.308988213539123535e-01 -5.283197164535522461e-01
-1.572004705667495728e-01 -8.337493538856506348e-01 -5.292919874191284180e-01
-1.431044638156890869e-01 -8.358050584793090820e-01 -5.300481915473937988e-01
-1.317726224660873413e-01 -8.373328447341918945e-01 -5.305747985839843750e-01
-1.226991564035415649e-01 -8.385460972785949707e-01 -5.308344960212707520e-01
-1.154230386018753052e-01 -8.396201729774475098e-01 -5.307687520980834961e-01
-1.095143780112266541e-01 -8.407048583030700684e-01 -5.303037166595458984e-01
-1.045796498656272888e-01 -8.419317007064819336e-01 -5.293524861335754395e-01
-1.002509519457817078e-01 -8.434227705001831055e-01 -5.278141498565673828e-01
-9.617651253938674927e-02 -8.452959656715393066e-01 -5.255709290504455566e-01
-9.201280027627944946e-02 -8.476695418357849121e-01 -5.224844217300415039e-01
-8.741439133882522583e-02 -8.506655693054199219e-01 -5.183885693550109863e-01
-8.201513439416885376e-02 -8.544129133224487305e-01 -5.130809545516967773e-01
-7.541213929653167725e-02 -8.590508103370666504e-01 -5.063049793243408203e-01
-6.714051961898803711e-02 -8.647289276123046875e-01 -4.977309405803680420e-01
-5.663295090198516846e-02 -8.716066479682922363e-01 -4.869237244129180908e-01
-4.317779466509819031e-02 -8.798466920852661133e-01 -4.732922017574310303e-01
-2.584021911025047302e-02 -8.895958662033081055e-01 -4.560169279575347900e-01
-3.361385082826018333e-03 -9.009391069412231445e-01 -4.339323639869689941e-01
2.599779888987541199e-02 -9.137958884239196777e-01 -4.053408205509185791e-01
6.466469913721084595e-02 -9.276868104934692383e-01 -3.677166998386383057e-01
1.160169318318367004e-01 -9.412151575088500977e-01 -3.172602653503417969e-01
1.845438033342361450e-01 -9.509416818618774414e-01 -2.483009845018386841e-01
2.753397524356842041e-01 -9.491056203842163086e-01 -1.529263406991958618e-01
3.912371397018432617e-01 -9.200173616409301758e-01 -2.239286713302135468e-02
5.248949527740478516e-01 -8.386260271072387695e-01 1.455734521150588989e-01
6.493987441062927246e-01 -6.840937137603759766e-01 3.321100175380706787e-01
7.294001579284667969e-01 -4.714256525039672852e-01 4.957149326801300049e-01
7.547805905342102051e-01 -2.516688406467437744e-01 6.057797670364379883e-01
7.441533207893371582e-01 -6.527063995599746704e-02 6.648124456405639648e-01
7.189276218414306641e-01 7.814921438694000244e-02 6.906778216361999512e-01
6.911844015121459961e-01 1.852605193853378296e-01 6.985289454460144043e-01
6.657055020332336426e-01 2.655713558197021484e-01 6.973579525947570801e-01
6.437763571739196777e-01 3.268234133720397949e-01 6.919092535972595215e-01
6.253232359886169434e-01 3.744984865188598633e-01 6.846325397491455078e-01
6.098406910896301270e-01 4.123212695121765137e-01 6.768201589584350586e-01
5.967441201210021973e-01 4.428114295005798340e-01 6.691895127296447754e-01
5.854895114898681641e-01 4.676890075206756592e-01 6.621698141098022461e-01
5.756068825721740723e-01 4.881450831890106201e-01 6.560418605804443359e-01
5.667071342468261719e-01 5.050149559974670410e-01 6.510015130043029785e-01
5.584629774093627930e-01 5.188947916030883789e-01 6.471995711326599121e-01
5.506091713905334473e-01 5.302168130874633789e-01 6.447477340698242188e-01
5.429264903068542480e-01 5.392972826957702637e-01 6.437307000160217285e-01
5.352354049682617188e-01 5.463721752166748047e-01 6.442053318023681641e-01
5.273894667625427246e-01 5.516200065612792969e-01 6.462008357048034668e-01
5.192708373069763184e-01 5.551772117614746094e-01 6.497199535369873047e-01
5.107818245887756348e-01 5.571517944335937500e-01 6.547394990921020508e-01
5.018447041511535645e-01 5.576291084289550781e-01 6.612122654914855957e-01
4.923957288265228271e-01 5.566812753677368164e-01 6.690682172775268555e-01
4.823811352252960205e-01 5.543695688247680664e-01 6.782202124595642090e-01
4.717556238174438477e-01 5.507487654685974121e-01 6.885654926300048828e-01
4.604787230491638184e-01 5.458709597587585449e-01 6.999887824058532715e-01
4.485117495059967041e-01 5.397866964340209961e-01 7.123675942420959473e-01
4.358167648315429688e-01 5.325497984886169434e-01 7.255718111991882324e-01
4.223543703556060791e-01 5.242152810096740723e-01 7.394694685935974121e-01
4.080826938152313232e-01 5.148428082466125488e-01 7.539265751838684082e-01
3.929551541805267334e-01 5.044981241226196289e-01 7.688094973564147949e-01
3.769232630729675293e-01 4.932530820369720459e-01 7.839835882186889648e-01
3.599312305450439453e-01 4.811872839927673340e-01 7.993174195289611816e-01
3.419206738471984863e-01 4.683879911899566650e-01 8.146796822547912598e-01
3.228286206722259521e-01 4.549517333507537842e-01 8.299401402473449707e-01
3.025881648063659668e-01 4.409832656383514404e-01 8.449699282646179199e-01
2.811297476291656494e-01 4.265967309474945068e-01 8.596401810646057129e-01
2.583827972412109375e-01 4.119132161140441895e-01 8.738225698471069336e-01
2.342750430107116699e-01 3.970614373683929443e-01 8.873879909515380859e-01
2.087362259626388550e-01 3.821740746498107910e-01 9.002066850662231445e-01
1.816991865634918213e-01 3.673867583274841309e-01 9.121471643447875977e-01
1.531028598546981812e-01 3.528338074684143066e-01 9.230751991271972656e-01
1.228965967893600464e-01 3.386456668376922607e-01 9.328534007072448730e-01
9.104332327842712402e-02 3.249427676200866699e-01 9.413412213325500488e-01
5.752549692988395691e-02 3.118344545364379883e-01 9.483934044837951660e-01
2.235293574631214142e-02 2.994109690189361572e-01 9.538623690605163574e-01
-1.443097181618213654e-02 2.877421081066131592e-01 9.575992226600646973e-01
-5.274194106459617615e-02 2.768723368644714355e-01 9.594581723213195801e-01
-9.244649112224578857e-02 2.668216228485107422e-01 9.593017697334289551e-01
-1.333591043949127197e-01 2.575822770595550537e-01 9.570091962814331055e-01
-1.752381026744842529e-01 2.491227686405181885e-01 9.524859189987182617e-01
-2.177898436784744263e-01 2.413905411958694458e-01 9.456734061241149902e-01
-2.606773674488067627e-01 2.343202382326126099e-01 9.365582466125488281e-01
-3.035328090190887451e-01 2.278385907411575317e-01 9.251796007156372070e-01
-3.459786176681518555e-01 2.218751311302185059e-01 9.116305112838745117e-01
-3.876456916332244873e-01 2.163701802492141724e-01 8.960551023483276367e-01
-4.281978309154510498e-01 2.112835943698883057e-01 8.786386251449584961e-01
-4.673492908477783203e-01 2.066013813018798828e-01 8.595932722091674805e-01
-5.048788189888000488e-01 2.023385912179946899e-01 8.391402959823608398e-01
-5.406377315521240234e-01 1.985448300838470459e-01 8.174905180931091309e-01
-5.745497345924377441e-01 1.953022778034210205e-01 7.948268651962280273e-01
-6.066071987152099609e-01 1.927253305912017822e-01 7.712876200675964355e-01
-6.368604898452758789e-01 1.909579485654830933e-01 7.469563484191894531e-01
-6.654031872749328613e-01 1.901709586381912231e-01 7.218543291091918945e-01
-6.923579573631286621e-01 1.905590742826461792e-01 6.959365010261535645e-01
-7.178604602813720703e-01 1.923347860574722290e-01 6.690917015075683594e-01
-7.420410513877868652e-01 1.957247704267501831e-01 6.411449313163757324e-01
-7.650086283683776855e-01 2.009650319814682007e-01 6.118618249893188477e-01
-7.868326306343078613e-01 2.082917541265487671e-01 5.809551477432250977e-01
-8.075240254402160645e-01 2.179311066865921021e-01 5.480976104736328125e-01
-8.270185589790344238e-01 2.300873845815658569e-01 5.129328370094299316e-01
-8.451592922210693359e-01 2.449240088462829590e-01 4.750978946685791016e-01
-8.616812229156494141e-01 2.625425457954406738e-01 4.342544078826904297e-01
-8.762079477310180664e-01 2.829543054103851318e-01 3.901235461235046387e-01
-8.882542252540588379e-01 3.060550987720489502e-01 3.425415754318237305e-01
-8.972539901733398438e-01 3.315975964069366455e-01 2.915103137493133545e-01
-9.026089906692504883e-01 3.591769635677337646e-01 2.372528612613677979e-01
-9.037607312202453613e-01 3.882316052913665771e-01 1.802575737237930298e-01
-9.002808928489685059e-01 4.180724322795867920e-01 1.212836578488349915e-01
-8.919595479965209961e-01 4.479358196258544922e-01 6.133347004652023315e-02
-8.788711428642272949e-01 4.770566821098327637e-01 1.569056883454322815e-03
-8.613951802253723145e-01 5.047497153282165527e-01 -5.679850652813911438e-02
-8.401829004287719727e-01 5.304768681526184082e-01 -1.126364022493362427e-01
-8.160808682441711426e-01 5.538843274116516113e-01 -1.649977564811706543e-01
-7.900278568267822266e-01 5.748084187507629395e-01 -2.131929248571395874e-01
-7.629541754722595215e-01 5.932541489601135254e-01 -2.568081617355346680e-01
-7.357046008110046387e-01 6.093490719795227051e-01 -2.956897914409637451e-01
-7.089895009994506836e-01 6.233004331588745117e-01 -3.298944234848022461e-01
-6.833702325820922852e-01 6.353505253791809082e-01 -3.596314191818237305e-01
-6.592619419097900391e-01 6.457459926605224609e-01 -3.852087259292602539e-01
-6.369542479515075684e-01 6.547163724899291992e-01 -4.069838225841522217e-01
-6.166380047798156738e-01 6.624617576599121094e-01 -4.253258407115936279e-01
-5.984306931495666504e-01 6.691476106643676758e-01 -4.405929446220397949e-01
-5.824003815650939941e-01 6.749066114425659180e-01 -4.531123936176300049e-01
-5.685825943946838379e-01 6.798428297042846680e-01 -4.631712734699249268e-01
-5.569950938224792480e-01 6.840353608131408691e-01 -4.710116982460021973e-01
-5.476468801498413086e-01 6.875452995300292969e-01 -4.768274426460266113e-01
-5.405419468879699707e-01 6.904198527336120605e-01 -4.807648956775665283e-01
-5.356817841529846191e-01 6.926969289779663086e-01 -4.829244613647460938e-01
-5.330635905265808105e-01 6.944061517715454102e-01 -4.833664894104003906e-01
-5.326750278472900391e-01 6.955736875534057617e-01 -4.821147024631500244e-01
-5.344931483268737793e-01 6.962162852287292480e-01 -4.791657626628875732e-01
-5.384765267372131348e-01 6.963428854942321777e-01 -4.744993448257446289e-01
-5.445603728294372559e-01 6.959513425827026367e-01 -4.680873453617095947e-01
-5.526540875434875488e-01 6.950232386589050293e-01 -4.599088430404663086e-01
-5.626381039619445801e-01 6.935226321220397949e-01 -4.499607682228088379e-01
-5.743608474731445312e-01 6.913949847221374512e-01 -4.382722973823547363e-01
-5.876446366310119629e-01 6.885649561882019043e-01 -4.249142408370971680e-01
-6.022866368293762207e-01 6.849396228790283203e-01 -4.100104570388793945e-01
-6.180675625801086426e-01 6.804140806198120117e-01 -3.937375545501708984e-01
-6.347596645355224609e-01 6.748747825622558594e-01 -3.763299286365509033e-01
-6.521378159523010254e-01 6.682072877883911133e-01 -3.580714762210845947e-01
-6.699885725975036621e-01 6.603019833564758301e-01 -3.392883837223052979e-01
-6.881181597709655762e-01 6.510611772537231445e-01 -3.203321993350982666e-01
-7.063615918159484863e-01 6.403981447219848633e-01 -3.015683293342590332e-01
-7.245823740959167480e-01 6.282428503036499023e-01 -2.833573818206787109e-01
-7.426748275756835938e-01 6.145379543304443359e-01 -2.660398185253143311e-01
-7.605597376823425293e-01 5.992382168769836426e-01 -2.499250471591949463e-01
-7.781786322593688965e-01 5.823066234588623047e-01 -2.352808415889739990e-01
-7.954868674278259277e-01 5.637108683586120605e-01 -2.223302423954010010e-01
-8.124455213546752930e-01 5.434216260910034180e-01 -2.112469226121902466e-01
-8.290140628814697266e-01 5.214087367057800293e-01 -2.021597623825073242e-01
-8.451445698738098145e-01 4.976398944854736328e-01 -1.951540559530258179e-01
-8.607760071754455566e-01 4.720796346664428711e-01 -1.902773529291152954e-01
-8.758294582366943359e-01 4.446899592876434326e-01 -1.875463277101516724e-01
-8.902076482772827148e-01 4.154281020164489746e-01 -1.869489103555679321e-01
-9.037910699844360352e-01 3.842487931251525879e-01 -1.884531378746032715e-01
-9.164379835128784180e-01 3.511032164096832275e-01 -1.920101940631866455e-01
-9.279831051826477051e-01 3.159400224685668945e-01 -1.975581943988800049e-01
-9.382362961769104004e-01 2.787065804004669189e-01 -2.050249129533767700e-01
-9.469809532165527344e-01 2.393534481525421143e-01 -2.143289893865585327e-01
-9.539731144905090332e-01 1.978350877761840820e-01 -2.253808975219726562e-01
-9.589394330978393555e-01 1.541196703910827637e-01 -2.380802184343338013e-01
-9.615781307220458984e-01 1.081964895129203796e-01 -2.523115277290344238e-01
-9.615592956542968750e-01 6.008948013186454773e-02 -2.679420113563537598e-01
-9.585320353507995605e-01 9.872502647340297699e-03 -2.848138511180877686e-01
-9.521334767341613770e-01 -4.231236875057220459e-02 -3.027397394180297852e-01
-9.420090913772583008e-01 -9.623286128044128418e-02 -3.214933574199676514e-01
-9.278351664543151855e-01 -1.515550613403320312e-01 -3.408124148845672607e-01
-9.093547463417053223e-01 -2.078253179788589478e-01 -3.603922426700592041e-01
-8.864145874977111816e-01 -2.644723951816558838e-01 -3.798993825912475586e-01
-8.590055108070373535e-01 -3.208183348178863525e-01 -3.989800512790679932e-01
-8.272947072982788086e-01 -3.761096596717834473e-01 -4.172829091548919678e-01
-7.916436195373535156e-01 -4.295611977577209473e-01 -4.344853758811950684e-01
-7.526065111160278320e-01 -4.804131686687469482e-01 -4.503182768821716309e-01
-7.109026908874511719e-01 -5.279904603958129883e-01 -4.645896553993225098e-01
-6.673695445060729980e-01 -5.717515945434570312e-01 -4.771981239318847656e-01
-6.229006052017211914e-01 -6.113235950469970703e-01 -4.881375432014465332e-01
-5.783780217170715332e-01 -6.465166211128234863e-01 -4.974888563156127930e-01
-5.346181988716125488e-01 -6.773113012313842773e-01 -5.054036378860473633e-01
-4.923271834850311279e-01 -7.038367986679077148e-01 -5.120818018913269043e-01
-4.520756900310516357e-01 -7.263343334197998047e-01 -5.177507996559143066e-01
-4.142951071262359619e-01 -7.451193332672119141e-01 -5.226439237594604492e-01
-3.792788088321685791e-01 -7.605494260787963867e-01 -5.269840955734252930e-01
-3.472027182579040527e-01 -7.729933261871337891e-01 -5.309723615646362305e-01
-3.181431293487548828e-01 -7.828111052513122559e-01 -5.347819924354553223e-01
-2.920973002910614014e-01 -7.903406023979187012e-01 -5.385543704032897949e-01
-2.690053582191467285e-01 -7.958893179893493652e-01 -5.423985123634338379e-01
-2.487640380859375000e-01 -7.997313141822814941e-01 -5.463938117027282715e-01
-2.312426418066024780e-01 -8.021067976951599121e-01 -5.505919456481933594e-01
-2.162920236587524414e-01 -8.032239079475402832e-01 -5.550217032432556152e-01
-2.037530839443206787e-01 -8.032624125480651855e-01 -5.596911311149597168e-01
-1.934601962566375732e-01 -8.023760318756103516e-01 -5.645935535430908203e-01
-1.852473616600036621e-01 -8.006954789161682129e-01 -5.697106719017028809e-01
-1.789459437131881714e-01 -7.983330488204956055e-01 -5.750153660774230957e-01
-1.743892878293991089e-01 -7.953835725784301758e-01 -5.804768204689025879e-01
-1.714111268520355225e-01 -7.919271588325500488e-01 -5.860628485679626465e-01
-1.698458045721054077e-01 -7.880316972732543945e-01 -5.917418599128723145e-01
-1.695268005132675171e-01 -7.837544679641723633e-01 -5.974861383438110352e-01
-1.702891141176223755e-01 -7.791426777839660645e-01 -6.032729744911193848e-01
-1.719674766063690186e-01 -7.742347717285156250e-01 -6.090876460075378418e-01
-1.743967384099960327e-01 -7.690628767013549805e-01 -6.149211525917053223e-01
-1.774128377437591553e-01 -7.636514902114868164e-01 -6.207746267318725586e-01
-1.808520406484603882e-01 -7.580197453498840332e-01 -6.266567111015319824e-01
-1.845522671937942505e-01 -7.521823048591613770e-01 -6.325837373733520508e-01
-1.883531808853149414e-01 -7.461492419242858887e-01 -6.385800242424011230e-01
-1.920962333679199219e-01 -7.399280667304992676e-01 -6.446745991706848145e-01
-1.956248581409454346e-01 -7.335230708122253418e-01 -6.509031057357788086e-01
-1.987827569246292114e-01 -7.269363403320312500e-01 -6.573043465614318848e-01
-2.014145106077194214e-01 -7.201690077781677246e-01 -6.639192700386047363e-01
-2.033650577068328857e-01 -7.132197022438049316e-01 -6.707908511161804199e-01
-2.044766545295715332e-01 -7.060859203338623047e-01 -6.779616475105285645e-01
-2.045898735523223877e-01 -6.987624764442443848e-01 -6.854735612869262695e-01
-2.035386264324188232e-01 -6.912420392036437988e-01 -6.933661103248596191e-01
-2.011531591415405273e-01 -6.835107803344726562e-01 -7.016767859458923340e-01
-1.972535699605941772e-01 -6.755514740943908691e-01 -7.104373574256896973e-01
-1.916508078575134277e-01 -6.673365235328674316e-01 -7.196747660636901855e-01
-1.841437518596649170e-01 -6.588286161422729492e-01 -7.294079065322875977e-01
-1.745215505361557007e-01 -6.499753594398498535e-01 -7.396447062492370605e-01
-1.625580489635467529e-01 -6.407086849212646484e-01 -7.503780722618103027e-01
-1.480177044868469238e-01 -6.309369206428527832e-01 -7.615834474563598633e-01
-1.306567639112472534e-01 -6.205437779426574707e-01 -7.732102870941162109e-01
-1.102288365364074707e-01 -6.093836426734924316e-01 -7.851758003234863281e-01
-8.649738132953643799e-02 -5.972780585289001465e-01 -7.973563671112060547e-01
-5.924712866544723511e-02 -5.840162038803100586e-01 -8.095769882202148438e-01
-2.831008285284042358e-02 -5.693542957305908203e-01 -8.216046094894409180e-01
6.411251612007617950e-03 -5.530264377593994141e-01 -8.331390023231506348e-01
4.490372911095619202e-02 -5.347538590431213379e-01 -8.438139557838439941e-01
8.700945973396301270e-02 -5.142661929130554199e-01 -8.532055020332336426e-01
1.323902457952499390e-01 -4.913347065448760986e-01 -8.608500957489013672e-01
1.805028766393661499e-01 -4.658027589321136475e-01 -8.662831783294677734e-01
2.305912822484970093e-01 -4.376242458820343018e-01 -8.690872788429260254e-01
2.817136049270629883e-01 -4.068962037563323975e-01 -8.689492940902709961e-01
3.328040242195129395e-01 -3.738694489002227783e-01 -8.657154440879821777e-01
3.827538192272186279e-01 -3.389454782009124756e-01 -8.594273924827575684e-01
4.305166602134704590e-01 -3.026399016380310059e-01 -8.503319621086120605e-01
4.752022027969360352e-01 -2.655376493930816650e-01 -8.388519883155822754e-01
5.161408782005310059e-01 -2.282282710075378418e-01 -8.255364298820495605e-01
5.529215931892395020e-01 -1.912543028593063354e-01 -8.109867572784423828e-01
5.853824019432067871e-01 -1.550758779048919678e-01 -7.957882881164550781e-01
6.135833859443664551e-01 -1.200440898537635803e-01 -7.804516553878784180e-01
6.377568840980529785e-01 -8.640956133604049683e-02 -7.653753757476806641e-01
6.582581996917724609e-01 -5.432887747883796692e-02 -7.508292794227600098e-01
6.755219697952270508e-01 -2.389357052743434906e-02 -7.369526028633117676e-01
6.900272965431213379e-01 4.853717982769012451e-03 -7.237671017646789551e-01
7.022719979286193848e-01 3.188981115818023682e-02 -7.111941576004028320e-01
7.127555608749389648e-01 5.719684809446334839e-02 -6.990765333175659180e-01
7.219676971435546875e-01 8.074115216732025146e-02 -6.871997714042663574e-01
7.303823232650756836e-01 1.024696752429008484e-01 -6.753085851669311523e-01
7.384476661682128906e-01 1.223001703619956970e-01 -6.631272435188293457e-01
7.465820312500000000e-01 1.401143670082092285e-01 -6.503716707229614258e-01
7.551655769348144531e-01 1.557663232088088989e-01 -6.367588639259338379e-01
7.645308375358581543e-01 1.690750867128372192e-01 -6.220178604125976562e-01
7.749503850936889648e-01 1.798376888036727905e-01 -6.058963537216186523e-01
7.866227030754089355e-01 1.878315657377243042e-01 -5.881699919700622559e-01
7.996612191200256348e-01 1.928302198648452759e-01 -5.686461925506591797e-01
8.140792846679687500e-01 1.946120262145996094e-01 -5.471755266189575195e-01
8.297796845436096191e-01 1.929873526096343994e-01 -5.236616730690002441e-01
8.465523123741149902e-01 1.878121197223663330e-01 -4.980721473693847656e-01
8.640739321708679199e-01 1.790196299552917480e-01 -4.704553782939910889e-01
8.819249868392944336e-01 1.666423231363296509e-01 -4.409519433975219727e-01
8.996182680130004883e-01 1.508392542600631714e-01 -4.097980558872222900e-01
9.166364073753356934e-01 1.318995654582977295e-01 -3.773330450057983398e-01
9.324808120727539062e-01 1.102519109845161438e-01 -3.439825177192687988e-01
9.467211365699768066e-01 8.644157648086547852e-02 -3.102367520332336426e-01
9.590353369712829590e-01 6.110557541251182556e-02 -2.766177952289581299e-01
9.692366719245910645e-01 3.492609411478042603e-02 -2.436399608850479126e-01
9.772813320159912109e-01 8.583919145166873932e-03 -2.117720395326614380e-01
9.832558035850524902e-01 -1.728296652436256409e-02 -1.814096570014953613e-01
9.873515367507934570e-01 -4.211318120360374451e-02 -1.528508067131042480e-01
9.898315668106079102e-01 -6.544363498687744141e-02 -1.262954771518707275e-01
9.909962415695190430e-01 -8.691371232271194458e-02 -1.018453985452651978e-01
9.911529421806335449e-01 -1.062659323215484619e-01 -7.951980829238891602e-02
9.905936121940612793e-01 -1.233322843909263611e-01 -5.927451327443122864e-02
9.895802736282348633e-01 -1.380167156457901001e-01 -4.101502150297164917e-02
9.883361458778381348e-01 -1.502844840288162231e-01 -2.462044917047023773e-02
9.870438575744628906e-01 -1.601409912109375000e-01 -9.954839013516902924e-03
9.858459830284118652e-01 -1.676242500543594360e-01 3.120271023362874985e-03
9.848480820655822754e-01 -1.727919131517410278e-01 1.473641116172075272e-02
9.841234683990478516e-01 -1.757143437862396240e-01 2.501129359006881714e-02
9.837162494659423828e-01 -1.764745861291885376e-01 3.404471278190612793e-02
9.836472868919372559e-01 -1.751603186130523682e-01 4.191655665636062622e-02
9.839155673980712891e-01 -1.718727946281433105e-01 4.868119210004806519e-02
9.845032691955566406e-01 -1.667250692844390869e-01 5.436975136399269104e-02
9.853779673576354980e-01 -1.598465442657470703e-01 5.898641422390937805e-02
9.864954352378845215e-01 -1.513914614915847778e-01 6.250826269388198853e-02
9.878033995628356934e-01 -1.415419131517410278e-01 6.488627940416336060e-02
9.892444014549255371e-01 -1.305142492055892944e-01 6.604065001010894775e-02
9.907591938972473145e-01 -1.185658276081085205e-01 6.586659699678421021e-02
9.922895431518554688e-01 -1.059979647397994995e-01 6.423304975032806396e-02
9.937824010848999023e-01 -9.315279871225357056e-02 6.098482012748718262e-02
9.951898455619812012e-01 -8.041676133871078491e-02 5.594993755221366882e-02
9.964697360992431641e-01 -6.820998340845108032e-02 4.894358664751052856e-02
9.975825548171997070e-01 -5.698029324412345886e-02 3.977845609188079834e-02
9.984857439994812012e-01 -4.718913882970809937e-02 2.827420458197593689e-02
9.991257786750793457e-01 -3.929404541850090027e-02 1.427320297807455063e-02
9.994281530380249023e-01 -3.373258188366889954e-02 -2.344867214560508728e-03
9.992880225181579590e-01 -3.089965134859085083e-02 -2.164833806455135345e-02
9.985630512237548828e-01 -3.111993893980979919e-02 -4.362854734063148499e-02
9.970716834068298340e-01 -3.462988510727882385e-02 -6.818161904811859131e-02
9.946008920669555664e-01 -4.154602065682411194e-02 -9.509495645761489868e-02
9.909223318099975586e-01 -5.185009911656379700e-02 -1.240344643592834473e-01
9.858207106590270996e-01 -6.537231057882308960e-02 -1.545444577932357788e-01
9.791276454925537109e-01 -8.178682625293731689e-02 -1.860647052526473999e-01
9.707562327384948730e-01 -1.006269752979278564e-01 -2.179600596427917480e-01
9.607307910919189453e-01 -1.213090717792510986e-01 -2.495605945587158203e-01
9.491981863975524902e-01 -1.431749910116195679e-01 -2.802207469940185547e-01
9.364247918128967285e-01 -1.655414551496505737e-01 -3.093616962432861328e-01
9.227740764617919922e-01 -1.877412945032119751e-01 -3.365133106708526611e-01
9.086691737174987793e-01 -2.091716676950454712e-01 -3.613412380218505859e-01
8.945537805557250977e-01 -2.293159067630767822e-01 -3.836504220962524414e-01
8.808541297912597656e-01 -2.477553337812423706e-01 -4.033772945404052734e-01
8.679507970809936523e-01 -2.641717791557312012e-01 -4.205646216869354248e-01
8.561603426933288574e-01 -2.783325612545013428e-01 -4.353394210338592529e-01
8.457261919975280762e-01 -2.900789380073547363e-01 -4.478853940963745117e-01
8.368183970451354980e-01 -2.993057966232299805e-01 -4.584222733974456787e-01
8.295409679412841797e-01 -3.059467077255249023e-01 -4.671812653541564941e-01
8.239364624023437500e-01 -3.099609613418579102e-01 -4.743973016738891602e-01
8.199956417083740234e-01 -3.113219738006591797e-01 -4.802975654602050781e-01
8.176659941673278809e-01 -3.100145757198333740e-01 -4.850910604000091553e-01
8.168561458587646484e-01 -3.060288727283477783e-01 -4.889708161354064941e-01
8.174442648887634277e-01 -2.993620634078979492e-01 -4.921049475669860840e-01
8.192807435989379883e-01 -2.900167703628540039e-01 -4.946407377719879150e-01
8.221926689147949219e-01 -2.780067622661590576e-01 -4.967005550861358643e-01
8.259891867637634277e-01 -2.633566260337829590e-01 -4.983825385570526123e-01
8.304644227027893066e-01 -2.461076229810714722e-01 -4.997598230838775635e-01
8.354028463363647461e-01 -2.263216525316238403e-01 -5.008798837661743164e-01
8.405846953392028809e-01 -2.040795534849166870e-01 -5.017656683921813965e-01
8.457888364791870117e-01 -1.794888377189636230e-01 -5.024190545082092285e-01
8.508009910583496094e-01 -1.526822149753570557e-01 -5.028178691864013672e-01
8.554178476333618164e-01 -1.238164678215980530e-01 -5.029212236404418945e-01
8.594490885734558105e-01 -9.307783842086791992e-02 -5.026766657829284668e-01
8.627249598503112793e-01 -6.067610532045364380e-02 -5.020200610160827637e-01
8.651002049446105957e-01 -2.684590220451354980e-02 -5.008802413940429688e-01
8.664541244506835938e-01 8.152621798217296600e-03 -4.991900026798248291e-01
8.666962385177612305e-01 4.403857141733169556e-02 -4.968883991241455078e-01
8.657670617103576660e-01 8.051115274429321289e-02 -4.939285218715667725e-01
8.636406660079956055e-01 1.172518581151962280e-01 -4.902823269367218018e-01
8.603262305259704590e-01 1.539290100336074829e-01 -4.859472215175628662e-01
8.558687567710876465e-01 1.902058124542236328e-01 -4.809473454952239990e-01
8.503505587577819824e-01 2.257425785064697266e-01 -4.753359556198120117e-01
8.438858985900878906e-01 2.602099180221557617e-01 -4.691986441612243652e-01
8.366222381591796875e-01 2.932926118373870850e-01 -4.626475274562835693e-01
8.287326097488403320e-01 3.247010111808776855e-01 -4.558195769786834717e-01
8.204101920127868652e-01 3.541764914989471436e-01 -4.488721489906311035e-01
8.118604421615600586e-01 3.814959526062011719e-01 -4.419769048690795898e-01
8.032935857772827148e-01 4.064774513244628906e-01 -4.353109300136566162e-01
7.949153184890747070e-01 4.289763867855072021e-01 -4.290557801723480225e-01
7.869211435317993164e-01 4.488862454891204834e-01 -4.233866631984710693e-01
7.794874310493469238e-01 4.661342203617095947e-01 -4.184713065624237061e-01
7.727681994438171387e-01 4.806738495826721191e-01 -4.144659042358398438e-01
7.668879032135009766e-01 4.924848079681396484e-01 -4.115114510059356689e-01
7.619414925575256348e-01 5.015637874603271484e-01 -4.097301661968231201e-01
7.579876184463500977e-01 5.079249739646911621e-01 -4.092272520065307617e-01
7.550465464591979980e-01 5.115996003150939941e-01 -4.100859165191650391e-01
7.531014084815979004e-01 5.126352906227111816e-01 -4.123631715774536133e-01
7.520897984504699707e-01 5.111054778099060059e-01 -4.160913825035095215e-01
7.519087195396423340e-01 5.071160793304443359e-01 -4.212677478790283203e-01
7.524098157882690430e-01 5.008183121681213379e-01 -4.278555810451507568e-01
7.534035444259643555e-01 4.924219846725463867e-01 -4.357795417308807373e-01
7.546632885932922363e-01 4.822134077548980713e-01 -4.449195861816406250e-01
7.559367418289184570e-01 4.705638885498046875e-01 -4.551145732402801514e-01
7.569537758827209473e-01 4.579447209835052490e-01 -4.661627411842346191e-01
7.574473619461059570e-01 4.449228346347808838e-01 -4.778253734111785889e-01
7.571663260459899902e-01 4.321529567241668701e-01 -4.898397326469421387e-01
7.558947205543518066e-01 4.203445613384246826e-01 -5.019298791885375977e-01
7.534620165824890137e-01 4.102281630039215088e-01 -5.138169527053833008e-01
7.497457861900329590e-01 4.025039672851562500e-01 -5.252351164817810059e-01
7.446755766868591309e-01 3.977802395820617676e-01 -5.359376072883605957e-01
7.382208704948425293e-01 3.965242803096771240e-01 -5.457091331481933594e-01
7.303899526596069336e-01 3.990094363689422607e-01 -5.543663501739501953e-01
7.212146520614624023e-01 4.052888453006744385e-01 -5.617743134498596191e-01
7.107581496238708496e-01 4.151765406131744385e-01 -5.678479075431823730e-01
6.991078257560729980e-01 4.282699823379516602e-01 -5.725671648979187012e-01
6.863883137702941895e-01 4.439763426780700684e-01 -5.759826302528381348e-01
6.727592349052429199e-01 4.615727365016937256e-01 -5.782262086868286133e-01
6.584185957908630371e-01 4.802658855915069580e-01 -5.795080661773681641e-01
6.435938477516174316e-01 4.992704093456268311e-01 -5.800999999046325684e-01
6.285260319709777832e-01 5.178567767143249512e-01 -5.803270339965820312e-01
6.134550571441650391e-01 5.354014039039611816e-01 -5.805326700210571289e-01
5.986011028289794922e-01 5.514087677001953125e-01 -5.810551643371582031e-01
5.841480493545532227e-01 5.655184984207153320e-01 -5.822025537490844727e-01
5.702362656593322754e-01 5.774940848350524902e-01 -5.842354893684387207e-01
5.569631457328796387e-01 5.872082114219665527e-01 -5.873487591743469238e-01
5.443776845932006836e-01 5.946268439292907715e-01 -5.916686654090881348e-01
5.324910879135131836e-01 5.997861027717590332e-01 -5.972518920898437500e-01
5.212842822074890137e-01 6.027799248695373535e-01 -6.040852069854736328e-01
5.107157230377197266e-01 6.037492752075195312e-01 -6.120916604995727539e-01
5.007295608520507812e-01 6.028725504875183105e-01 -6.211397051811218262e-01
4.912705421447753906e-01 6.003627777099609375e-01 -6.310450434684753418e-01
4.822835624217987061e-01 5.964652299880981445e-01 -6.415854096412658691e-01
4.737211465835571289e-01 5.914560556411743164e-01 -6.525089740753173828e-01
4.655527770519256592e-01 5.856381058692932129e-01 -6.635425090789794922e-01
4.577616751194000244e-01 5.793389678001403809e-01 -6.744039058685302734e-01
4.503528475761413574e-01 5.729050040245056152e-01 -6.848080754280090332e-01
4.433461725711822510e-01 5.666944384574890137e-01 -6.944793462753295898e-01
4.367800951004028320e-01 5.610682964324951172e-01 -7.031539678573608398e-01
4.307067990303039551e-01 5.563782453536987305e-01 -7.105877399444580078e-01
4.251890480518341064e-01 5.529580116271972656e-01 -7.165554165840148926e-01
4.202964305877685547e-01 5.511070489883422852e-01 -7.208550572395324707e-01
4.161050021648406982e-01 5.510820150375366211e-01 -7.233015894889831543e-01
4.126965403556823730e-01 5.530360937118530273e-01 -7.237628102302551270e-01
4.102945923805236816e-01 5.563207268714904785e-01 -7.226102352142333984e-01
4.097881615161895752e-01 5.603144764900207520e-01 -7.198064923286437988e-01
