-1.915502548217773438e+01 1.113935279846191406e+01 2.550020217895507812e+01
-1.886055183410644531e+01 1.104528808593750000e+01 2.522986030578613281e+01
-1.855911827087402344e+01 1.094243049621582031e+01 2.496515083312988281e+01
-1.825811576843261719e+01 1.083341693878173828e+01 2.471105575561523438e+01
-1.796494483947753906e+01 1.072102260589599609e+01 2.447234153747558594e+01
-1.768685722351074219e+01 1.060810184478759766e+01 2.425341224670410156e+01
-1.743076133728027344e+01 1.049752521514892578e+01 2.405824470520019531e+01
-1.720306015014648438e+01 1.039211940765380859e+01 2.389025306701660156e+01
-1.700949859619140625e+01 1.029459953308105469e+01 2.375222396850585938e+01
-1.685503387451171875e+01 1.020750331878662109e+01 2.364620208740234375e+01
-1.674364662170410156e+01 1.013311481475830078e+01 2.357346343994140625e+01
-1.667830657958984375e+01 1.007343578338623047e+01 2.353445816040039062e+01
-1.666083526611328125e+01 1.003009700775146484e+01 2.352878379821777344e+01
-1.669189071655273438e+01 1.000434303283691406e+01 2.355518913269042969e+01
-1.677090644836425781e+01 9.996973991394042969e+00 2.361159133911132812e+01
-1.689611244201660156e+01 1.000833034515380859e+01 2.369510841369628906e+01
-1.706454467773437500e+01 1.003827762603759766e+01 2.380213737487792969e+01
-1.727214050292968750e+01 1.008619403839111328e+01 2.392839813232421875e+01
-1.751377868652343750e+01 1.015098667144775391e+01 2.406907081604003906e+01
-1.778342247009277344e+01 1.023111152648925781e+01 2.421887588500976562e+01
-1.807424163818359375e+01 1.032459163665771484e+01 2.437220954895019531e+01
-1.837875556945800781e+01 1.042908191680908203e+01 2.452327156066894531e+01
-1.868903160095214844e+01 1.054189777374267578e+01 2.466621589660644531e+01
-1.899680709838867188e+01 1.066008663177490234e+01 2.479527091979980469e+01
-1.929378128051757812e+01 1.078050708770751953e+01 2.490491485595703125e+01
-1.957169723510742188e+01 1.089988422393798828e+01 2.498998451232910156e+01
-1.982262229919433594e+01 1.101491069793701172e+01 2.504583549499511719e+01
-2.005930137634277344e+01 1.111175537109375000e+01 2.508147621154785156e+01
-2.027090072631835938e+01 1.118938922882080078e+01 2.509101676940917969e+01
-2.043737411499023438e+01 1.125214862823486328e+01 2.506293678283691406e+01
-2.057864952087402344e+01 1.129629802703857422e+01 2.495657157897949219e+01
-2.068505859375000000e+01 1.132015132904052734e+01 2.477835083007812500e+01
-2.073009109497070312e+01 1.132346057891845703e+01 2.456289482116699219e+01
-2.071064949035644531e+01 1.130518913269042969e+01 2.431230926513671875e+01
-2.062500000000000000e+01 1.126480484008789062e+01 2.402960777282714844e+01
-2.047282981872558594e+01 1.120228672027587891e+01 2.371862030029296875e+01
-2.025344657897949219e+01 1.112084293365478516e+01 2.338481521606445312e+01
-1.995869827270507812e+01 1.102452373504638672e+01 2.303600883483886719e+01
-1.960366821289062500e+01 1.087930011749267578e+01 2.266858291625976562e+01
-1.920190811157226562e+01 1.072083663940429688e+01 2.229412269592285156e+01
-1.875984764099121094e+01 1.055185794830322266e+01 2.191912651062011719e+01
-1.828473663330078125e+01 1.037532234191894531e+01 2.155020332336425781e+01
-1.778447723388671875e+01 1.019438934326171875e+01 2.119397735595703125e+01
-1.725700378417968750e+01 1.001763153076171875e+01 2.085991287231445312e+01
-1.670938491821289062e+01 9.850012779235839844e+00 2.055375099182128906e+01
-1.615719032287597656e+01 9.685822486877441406e+00 2.027757072448730469e+01
-1.560241699218750000e+01 9.501753807067871094e+00 2.003625297546386719e+01
-1.505936431884765625e+01 9.323052406311035156e+00 1.983791732788085938e+01
-1.453710079193115234e+01 9.153841018676757812e+00 1.968449592590332031e+01
-1.404427337646484375e+01 8.998354911804199219e+00 1.957652664184570312e+01
-1.362577247619628906e+01 8.855774879455566406e+00 1.946022796630859375e+01
-1.326674079895019531e+01 8.729474067687988281e+00 1.936857032775878906e+01
-1.295624923706054688e+01 8.622175216674804688e+00 1.932614707946777344e+01
-1.266361522674560547e+01 8.449315071105957031e+00 1.919908905029296875e+01
-1.242143726348876953e+01 8.289169311523437500e+00 1.910776901245117188e+01
-1.223834323883056641e+01 8.161820411682128906e+00 1.908140945434570312e+01
-1.215376472473144531e+01 8.047805786132812500e+00 1.914462852478027344e+01
-1.214244651794433594e+01 7.960083484649658203e+00 1.927998542785644531e+01
-1.218627738952636719e+01 7.906673908233642578e+00 1.947430992126464844e+01
-1.228145027160644531e+01 7.886981964111328125e+00 1.972338485717773438e+01
-1.242330265045166016e+01 7.899830818176269531e+00 2.002215766906738281e+01
-1.267205238342285156e+01 7.928488731384277344e+00 2.037741470336914062e+01
-1.298864364624023438e+01 7.978325843811035156e+00 2.077646064758300781e+01
-1.332718467712402344e+01 8.055748939514160156e+00 2.120493507385253906e+01
-1.367996501922607422e+01 8.158061027526855469e+00 2.165551185607910156e+01
-1.403931236267089844e+01 8.282259941101074219e+00 2.212071228027343750e+01
-1.439772796630859375e+01 8.425167083740234375e+00 2.259305191040039062e+01
-1.474807453155517578e+01 8.583477020263671875e+00 2.306515121459960938e+01
-1.508373069763183594e+01 8.753848075866699219e+00 2.352989006042480469e+01
-1.539871025085449219e+01 8.932987213134765625e+00 2.398049926757812500e+01
-1.568780136108398438e+01 9.117710113525390625e+00 2.441068077087402344e+01
-1.594665145874023438e+01 9.305035591125488281e+00 2.481470298767089844e+01
-1.617184257507324219e+01 9.492213249206542969e+00 2.518745422363281250e+01
-1.633818817138671875e+01 9.604640960693359375e+00 2.541537666320800781e+01
-1.646344566345214844e+01 9.701058387756347656e+00 2.558687019348144531e+01
-1.655037689208984375e+01 9.789726257324218750e+00 2.571417999267578125e+01
-1.659968948364257812e+01 9.869837760925292969e+00 2.579604148864746094e+01
-1.661297988891601562e+01 9.940895080566406250e+00 2.583183288574218750e+01
-1.659268379211425781e+01 1.000269222259521484e+01 2.582155418395996094e+01
-1.654191207885742188e+01 1.005529689788818359e+01 2.576579093933105469e+01
-1.646440887451171875e+01 1.009907627105712891e+01 2.566572380065917969e+01
-1.636438179016113281e+01 1.013463687896728516e+01 2.552306175231933594e+01
-1.624641609191894531e+01 1.016280841827392578e+01 2.533999824523925781e+01
-1.611532783508300781e+01 1.018463611602783203e+01 2.511920928955078125e+01
-1.597602653503417969e+01 1.020131587982177734e+01 2.486375808715820312e+01
-1.582585144042968750e+01 1.022277355194091797e+01 2.458285331726074219e+01
-1.570444393157958984e+01 1.029384517669677734e+01 2.434108352661132812e+01
-1.559813499450683594e+01 1.036358547210693359e+01 2.407926750183105469e+01
-1.550407314300537109e+01 1.043486022949218750e+01 2.379999160766601562e+01
-1.542572212219238281e+01 1.050895404815673828e+01 2.350720977783203125e+01
-1.536604309082031250e+01 1.058711719512939453e+01 2.320497512817382812e+01
-1.541322708129882812e+01 1.066574478149414062e+01 2.276792716979980469e+01
-1.550503349304199219e+01 1.074943065643310547e+01 2.229673957824707031e+01
-1.565054702758789062e+01 1.080422973632812500e+01 2.183050537109375000e+01
-1.585441207885742188e+01 1.071840953826904297e+01 2.136817932128906250e+01
-1.608776473999023438e+01 1.063782405853271484e+01 2.091298103332519531e+01
-1.634889602661132812e+01 1.056401729583740234e+01 2.046916770935058594e+01
-1.663544654846191406e+01 1.049841022491455078e+01 2.004075050354003906e+01
-1.696390724182128906e+01 1.044435501098632812e+01 1.962545013427734375e+01
-1.737887954711914062e+01 1.040810489654541016e+01 1.921177673339843750e+01
-1.781089019775390625e+01 1.038358974456787109e+01 1.882317352294921875e+01
-1.825593185424804688e+01 1.037158584594726562e+01 1.846225738525390625e+01
-1.870980644226074219e+01 1.037268733978271484e+01 1.813125419616699219e+01
-1.916822052001953125e+01 1.038730335235595703e+01 1.783192634582519531e+01
-1.962690544128417969e+01 1.041565132141113281e+01 1.756559944152832031e+01
-2.007596588134765625e+01 1.045884513854980469e+01 1.733401679992675781e+01
-2.044231033325195312e+01 1.052994060516357422e+01 1.714804649353027344e+01
-2.080464553833007812e+01 1.061283302307128906e+01 1.699524879455566406e+01
-2.115954208374023438e+01 1.070702457427978516e+01 1.687522315979003906e+01
-2.150383377075195312e+01 1.081187534332275391e+01 1.678723144531250000e+01
-2.175439262390136719e+01 1.086686325073242188e+01 1.661310005187988281e+01
-2.199479866027832031e+01 1.093528556823730469e+01 1.647712135314941406e+01
-2.222325325012207031e+01 1.101648139953613281e+01 1.637824058532714844e+01
-2.243779373168945312e+01 1.110932159423828125e+01 1.631436347961425781e+01
-2.263681030273437500e+01 1.121257877349853516e+01 1.628315734863281250e+01
-2.279397773742675781e+01 1.132579612731933594e+01 1.628600502014160156e+01
-2.291654586791992188e+01 1.144740676879882812e+01 1.631901359558105469e+01
-2.302707862854003906e+01 1.157536506652832031e+01 1.637591743469238281e+01
-2.312504577636718750e+01 1.170840167999267578e+01 1.645405578613281250e+01
-2.321018981933593750e+01 1.184529113769531250e+01 1.655078506469726562e+01
-2.328252410888671875e+01 1.198487377166748047e+01 1.666356468200683594e+01
-2.334228515625000000e+01 1.212607860565185547e+01 1.678993988037109375e+01
-2.338992691040039062e+01 1.226792812347412109e+01 1.692761611938476562e+01
-2.342605400085449219e+01 1.240956115722656250e+01 1.707444763183593750e+01
-2.345140838623046875e+01 1.255022621154785156e+01 1.722847747802734375e+01
-2.346668815612792969e+01 1.268925189971923828e+01 1.738781738281250000e+01
-2.347106361389160156e+01 1.282533740997314453e+01 1.754932975769042969e+01
-2.346745681762695312e+01 1.295907688140869141e+01 1.771350860595703125e+01
-2.345671844482421875e+01 1.309022140502929688e+01 1.787915802001953125e+01
-2.343961715698242188e+01 1.321863460540771484e+01 1.804525375366210938e+01
-2.341681671142578125e+01 1.334429264068603516e+01 1.821093368530273438e+01
-2.338886260986328125e+01 1.346726703643798828e+01 1.837548828125000000e+01
-2.335612678527832031e+01 1.358771991729736328e+01 1.853832817077636719e+01
-2.331882476806640625e+01 1.370588779449462891e+01 1.869897079467773438e+01
-2.327697372436523438e+01 1.382206439971923828e+01 1.885703086853027344e+01
-2.323039627075195312e+01 1.393659973144531250e+01 1.901218414306640625e+01
-2.317870903015136719e+01 1.404988288879394531e+01 1.916416931152343750e+01
-2.312135887145996094e+01 1.416232013702392578e+01 1.931275367736816406e+01
-2.305759620666503906e+01 1.427433872222900391e+01 1.945774078369140625e+01
-2.298650550842285156e+01 1.438636779785156250e+01 1.959894371032714844e+01
-2.290703773498535156e+01 1.449882602691650391e+01 1.973619270324707031e+01
-2.283177947998046875e+01 1.458918285369873047e+01 1.983614349365234375e+01
-2.275260162353515625e+01 1.466924762725830078e+01 1.991516876220703125e+01
-2.266230201721191406e+01 1.474913597106933594e+01 1.998721504211425781e+01
-2.255960083007812500e+01 1.482903099060058594e+01 2.005194473266601562e+01
-2.244320297241210938e+01 1.490908241271972656e+01 2.010904121398925781e+01
-2.231019210815429688e+01 1.498896503448486328e+01 2.015722274780273438e+01
-2.215971755981445312e+01 1.506884956359863281e+01 2.019646072387695312e+01
-2.199620819091796875e+01 1.515211582183837891e+01 2.023511314392089844e+01
-2.181729316711425781e+01 1.523783683776855469e+01 2.027067184448242188e+01
-2.161936759948730469e+01 1.532413101196289062e+01 2.029830360412597656e+01
-2.140170860290527344e+01 1.541089057922363281e+01 2.031794738769531250e+01
-2.116382217407226562e+01 1.549795246124267578e+01 2.032961845397949219e+01
-2.090405273437500000e+01 1.558521842956542969e+01 2.033367729187011719e+01
-2.062089157104492188e+01 1.567256259918212891e+01 2.033059310913085938e+01
-2.031696891784667969e+01 1.575945186614990234e+01 2.031996917724609375e+01
-1.999263000488281250e+01 1.584553623199462891e+01 2.030205726623535156e+01
-1.964844512939453125e+01 1.593042373657226562e+01 2.027715301513671875e+01
-1.928528594970703125e+01 1.601368331909179688e+01 2.024559974670410156e+01
-1.890427017211914062e+01 1.609484100341796875e+01 2.020776367187500000e+01
-1.850675010681152344e+01 1.617341232299804688e+01 2.016403961181640625e+01
-1.807543182373046875e+01 1.626115036010742188e+01 2.017611694335937500e+01
-1.762938117980957031e+01 1.634634399414062500e+01 2.018852424621582031e+01
-1.717239761352539062e+01 1.642729377746582031e+01 2.019578361511230469e+01
-1.670678329467773438e+01 1.650340461730957031e+01 2.019791221618652344e+01
-1.623491668701171875e+01 1.657411384582519531e+01 2.019493293762207031e+01
-1.575924396514892578e+01 1.663888549804687500e+01 2.018690490722656250e+01
-1.528223800659179688e+01 1.669723129272460938e+01 2.017391014099121094e+01
-1.480634689331054688e+01 1.674871635437011719e+01 2.015604209899902344e+01
-1.433396148681640625e+01 1.679298782348632812e+01 2.013345909118652344e+01
-1.387287712097167969e+01 1.682238006591796875e+01 2.010557174682617188e+01
-1.342122840881347656e+01 1.684200859069824219e+01 2.007311820983886719e+01
-1.294021415710449219e+01 1.685464668273925781e+01 2.002906608581542969e+01
-1.247068119049072266e+01 1.686003875732421875e+01 1.998126029968261719e+01
-1.201536369323730469e+01 1.685822296142578125e+01 1.993021774291992188e+01
-1.157571125030517578e+01 1.684931182861328125e+01 1.987628364562988281e+01
-1.115291023254394531e+01 1.683347892761230469e+01 1.981979942321777344e+01
-1.074791049957275391e+01 1.681099891662597656e+01 1.976115226745605469e+01
-1.036138629913330078e+01 1.678218078613281250e+01 1.970070648193359375e+01
-9.993790626525878906e+00 1.674742889404296875e+01 1.963888359069824219e+01
-9.645384788513183594e+00 1.670719528198242188e+01 1.957608795166015625e+01
-9.316230773925781250e+00 1.666199111938476562e+01 1.951274490356445312e+01
-9.006261825561523438e+00 1.661238479614257812e+01 1.944929885864257812e+01
-8.715282440185546875e+00 1.655898857116699219e+01 1.938619041442871094e+01
-8.443025588989257812e+00 1.650245094299316406e+01 1.932388305664062500e+01
-8.189195632934570312e+00 1.644345092773437500e+01 1.926284027099609375e+01
-7.953453540802001953e+00 1.638269233703613281e+01 1.920352554321289062e+01
-7.735488891601562500e+00 1.632087898254394531e+01 1.914640998840332031e+01
-7.592082977294921875e+00 1.625758743286132812e+01 1.909370613098144531e+01
-7.482647418975830078e+00 1.619431877136230469e+01 1.904462814331054688e+01
-7.383609294891357422e+00 1.613222312927246094e+01 1.899890708923339844e+01
-7.295011043548583984e+00 1.607192802429199219e+01 1.895695304870605469e+01
-7.216938495635986328e+00 1.601403045654296875e+01 1.891916465759277344e+01
-7.149450302124023438e+00 1.595906352996826172e+01 1.888588714599609375e+01
-7.092602729797363281e+00 1.590748882293701172e+01 1.885742187500000000e+01
-7.046401977539062500e+00 1.585970020294189453e+01 1.883401679992675781e+01
-7.010809898376464844e+00 1.581600093841552734e+01 1.881585121154785156e+01
-6.985741138458251953e+00 1.577661132812500000e+01 1.880304527282714844e+01
-6.971001148223876953e+00 1.574165630340576172e+01 1.879565238952636719e+01
-6.966345310211181641e+00 1.571117591857910156e+01 1.879363250732421875e+01
-6.971434116363525391e+00 1.568511581420898438e+01 1.879690551757812500e+01
-6.985800266265869141e+00 1.566333198547363281e+01 1.880528259277343750e+01
-7.008920192718505859e+00 1.564560794830322266e+01 1.881853866577148438e+01
-7.038172721862792969e+00 1.562734508514404297e+01 1.883577346801757812e+01
-7.073913574218750000e+00 1.561045265197753906e+01 1.885694885253906250e+01
-7.116232395172119141e+00 1.559633445739746094e+01 1.888191795349121094e+01
-7.164309501647949219e+00 1.558453369140625000e+01 1.891022682189941406e+01
-7.217315673828125000e+00 1.557456779479980469e+01 1.894140625000000000e+01
-7.274399280548095703e+00 1.556594848632812500e+01 1.897496414184570312e+01
-7.334711074829101562e+00 1.555816650390625000e+01 1.901037025451660156e+01
-7.397411346435546875e+00 1.555071926116943359e+01 1.904711341857910156e+01
-7.461716651916503906e+00 1.554312992095947266e+01 1.908466911315917969e+01
-7.526846408843994141e+00 1.553493690490722656e+01 1.912252044677734375e+01
-7.592120647430419922e+00 1.552571105957031250e+01 1.916016578674316406e+01
-7.656859874725341797e+00 1.551505851745605469e+01 1.919710922241210938e+01
-7.720489978790283203e+00 1.550263214111328125e+01 1.923288917541503906e+01
-7.782485961914062500e+00 1.548812198638916016e+01 1.926706504821777344e+01
-7.842352390289306641e+00 1.547126770019531250e+01 1.929921531677246094e+01
-7.899709224700927734e+00 1.545185756683349609e+01 1.932895660400390625e+01
-7.994990825653076172e+00 1.542890644073486328e+01 1.935717391967773438e+01
-8.094773292541503906e+00 1.540296173095703125e+01 1.938254737854003906e+01
-8.187978744506835938e+00 1.537612915039062500e+01 1.941471672058105469e+01
-8.268348693847656250e+00 1.535216045379638672e+01 1.947227287292480469e+01
-8.344573974609375000e+00 1.532517719268798828e+01 1.952558898925781250e+01
-8.416360855102539062e+00 1.529520511627197266e+01 1.957434272766113281e+01
-8.483447074890136719e+00 1.526229667663574219e+01 1.961825370788574219e+01
-8.545635223388671875e+00 1.522655868530273438e+01 1.965710449218750000e+01
-8.602797508239746094e+00 1.518812465667724609e+01 1.969072151184082031e+01
-8.654841423034667969e+00 1.514715957641601562e+01 1.971900367736816406e+01
-8.701772689819335938e+00 1.510387325286865234e+01 1.974191093444824219e+01
-8.743663787841796875e+00 1.505849742889404297e+01 1.975947189331054688e+01
-8.780652999877929688e+00 1.501130676269531250e+01 1.977179718017578125e+01
-8.812972068786621094e+00 1.496260166168212891e+01 1.977906036376953125e+01
-8.840922355651855469e+00 1.491270351409912109e+01 1.978151512145996094e+01
-8.864889144897460938e+00 1.486198425292968750e+01 1.977949714660644531e+01
-8.885311126708984375e+00 1.481080627441406250e+01 1.977340126037597656e+01
-8.902703285217285156e+00 1.475957965850830078e+01 1.976370239257812500e+01
-8.917604446411132812e+00 1.470871353149414062e+01 1.975093460083007812e+01
-8.930627822875976562e+00 1.465864562988281250e+01 1.973569488525390625e+01
-8.942394256591796875e+00 1.460980510711669922e+01 1.971863937377929688e+01
-8.953529357910156250e+00 1.456262874603271484e+01 1.970043945312500000e+01
-8.964688301086425781e+00 1.451753425598144531e+01 1.968182373046875000e+01
-8.976501464843750000e+00 1.447494029998779297e+01 1.966352653503417969e+01
-8.989578247070312500e+00 1.443524265289306641e+01 1.964629364013671875e+01
-9.004509925842285156e+00 1.439879894256591797e+01 1.963085365295410156e+01
-9.021836280822753906e+00 1.436594676971435547e+01 1.961793327331542969e+01
-9.042068481445312500e+00 1.433696556091308594e+01 1.960821151733398438e+01
-9.065648078918457031e+00 1.431208992004394531e+01 1.960230827331542969e+01
-9.092950820922851562e+00 1.429150772094726562e+01 1.960080528259277344e+01
-9.124291419982910156e+00 1.427533149719238281e+01 1.960418891906738281e+01
-9.159925460815429688e+00 1.426362514495849609e+01 1.961287117004394531e+01
-9.200016021728515625e+00 1.425637817382812500e+01 1.962716865539550781e+01
-9.244682312011718750e+00 1.425352573394775391e+01 1.964730072021484375e+01
-9.293933868408203125e+00 1.425493335723876953e+01 1.967338180541992188e+01
-9.347746849060058594e+00 1.426040172576904297e+01 1.970541572570800781e+01
-9.406011581420898438e+00 1.426969718933105469e+01 1.974332809448242188e+01
-9.468564987182617188e+00 1.428251171112060547e+01 1.978691101074218750e+01
-9.535181045532226562e+00 1.429852294921875000e+01 1.983589553833007812e+01
-9.605610847473144531e+00 1.431735610961914062e+01 1.988990592956542969e+01
-9.679545402526855469e+00 1.433862876892089844e+01 1.994850730895996094e+01
-9.756639480590820312e+00 1.436194133758544922e+01 2.001119804382324219e+01
-9.836540222167968750e+00 1.438688373565673828e+01 2.007741546630859375e+01
-9.918931007385253906e+00 1.441310787200927734e+01 2.014669609069824219e+01
-1.000456905364990234e+01 1.444100284576416016e+01 2.022041320800781250e+01
-1.009192848205566406e+01 1.446945381164550781e+01 2.029600143432617188e+01
-1.018060588836669922e+01 1.449813270568847656e+01 2.037282371520996094e+01
-1.027015972137451172e+01 1.452672290802001953e+01 2.045023536682128906e+01
-1.036016845703125000e+01 1.455496883392333984e+01 2.052761268615722656e+01
-1.045020580291748047e+01 1.458263683319091797e+01 2.060437011718750000e+01
-1.053983879089355469e+01 1.460953998565673828e+01 2.067993736267089844e+01
-1.062865924835205078e+01 1.463554382324218750e+01 2.075381278991699219e+01
-1.071622467041015625e+01 1.466054439544677734e+01 2.082553482055664062e+01
-1.080213928222656250e+01 1.468448448181152344e+01 2.089470863342285156e+01
-1.087038421630859375e+01 1.470759296417236328e+01 2.095878028869628906e+01
-1.093547630310058594e+01 1.472965240478515625e+01 2.101960182189941406e+01
-1.099783039093017578e+01 1.475068950653076172e+01 2.107708358764648438e+01
-1.105716514587402344e+01 1.477077388763427734e+01 2.113110542297363281e+01
-1.111324882507324219e+01 1.478997135162353516e+01 2.118160247802734375e+01
-1.116584205627441406e+01 1.480836677551269531e+01 2.122857284545898438e+01
-1.121473217010498047e+01 1.482603931427001953e+01 2.127206230163574219e+01
-1.125970745086669922e+01 1.484306144714355469e+01 2.131217575073242188e+01
-1.130055618286132812e+01 1.485949516296386719e+01 2.134903907775878906e+01
-1.133708572387695312e+01 1.487537002563476562e+01 2.138282203674316406e+01
-1.136909008026123047e+01 1.489071273803710938e+01 2.141371726989746094e+01
-1.139638423919677734e+01 1.490550327301025391e+01 2.144194030761718750e+01
-1.141876125335693359e+01 1.491970634460449219e+01 2.146772193908691406e+01
-1.143601703643798828e+01 1.493325233459472656e+01 2.149129676818847656e+01
-1.144795322418212891e+01 1.494605159759521484e+01 2.151290702819824219e+01
-1.145434093475341797e+01 1.495797157287597656e+01 2.153277969360351562e+01
-1.145495128631591797e+01 1.496888637542724609e+01 2.155115318298339844e+01
-1.144954490661621094e+01 1.497862434387207031e+01 2.156824302673339844e+01
-1.143787670135498047e+01 1.498701667785644531e+01 2.158424949645996094e+01
-1.141966342926025391e+01 1.499388599395751953e+01 2.159936332702636719e+01
-1.139465427398681641e+01 1.499905586242675781e+01 2.161374092102050781e+01
-1.136254310607910156e+01 1.500236701965332031e+01 2.162753486633300781e+01
-1.132305335998535156e+01 1.500365543365478516e+01 2.164086341857910156e+01
-1.127591133117675781e+01 1.500280380249023438e+01 2.165382575988769531e+01
-1.122085857391357422e+01 1.499970722198486328e+01 2.166651916503906250e+01
-1.115764141082763672e+01 1.499430179595947266e+01 2.167900466918945312e+01
-1.108605575561523438e+01 1.498656940460205078e+01 2.169132804870605469e+01
-1.100593376159667969e+01 1.497653102874755859e+01 2.170354080200195312e+01
-1.091714477539062500e+01 1.496425437927246094e+01 2.171567153930664062e+01
-1.081963062286376953e+01 1.494986438751220703e+01 2.172775650024414062e+01
-1.071334648132324219e+01 1.493352222442626953e+01 2.173981475830078125e+01
-1.059835815429687500e+01 1.491544342041015625e+01 2.175187110900878906e+01
-1.047474956512451172e+01 1.489588451385498047e+01 2.176396179199218750e+01
-1.034268379211425781e+01 1.487513637542724609e+01 2.177610969543457031e+01
-1.020234203338623047e+01 1.485352325439453125e+01 2.178834915161132812e+01
-1.005399513244628906e+01 1.483137702941894531e+01 2.180071067810058594e+01
-9.897916793823242188e+00 1.480905532836914062e+01 2.181322860717773438e+01
-9.734468460083007812e+00 1.478690814971923828e+01 2.182594490051269531e+01
-9.564014434814453125e+00 1.476527881622314453e+01 2.183887863159179688e+01
-9.386966705322265625e+00 1.474449348449707031e+01 2.185207939147949219e+01
-9.203780174255371094e+00 1.472483730316162109e+01 2.186556816101074219e+01
-9.014939308166503906e+00 1.470656490325927734e+01 2.187937736511230469e+01
-8.820956230163574219e+00 1.468987941741943359e+01 2.189353561401367188e+01
-8.622383117675781250e+00 1.467492961883544922e+01 2.190804862976074219e+01
-8.419814109802246094e+00 1.466178417205810547e+01 2.192293739318847656e+01
-8.213882446289062500e+00 1.465046882629394531e+01 2.193820571899414062e+01
-8.091258049011230469e+00 1.463919925689697266e+01 2.195649147033691406e+01
-7.978358745574951172e+00 1.462931251525878906e+01 2.197515869140625000e+01
-7.863154411315917969e+00 1.462085342407226562e+01 2.199375724792480469e+01
-7.747759342193603516e+00 1.461353778839111328e+01 2.201270294189453125e+01
-7.632589340209960938e+00 1.460703754425048828e+01 2.203197479248046875e+01
-7.518053054809570312e+00 1.460095882415771484e+01 2.205154037475585938e+01
-7.408646583557128906e+00 1.459566307067871094e+01 2.207201194763183594e+01
-7.310040473937988281e+00 1.459169960021972656e+01 2.209418678283691406e+01
-7.213423252105712891e+00 1.458675098419189453e+01 2.211659812927246094e+01
-7.119172573089599609e+00 1.458028507232666016e+01 2.213921737670898438e+01
-7.027667522430419922e+00 1.457177066802978516e+01 2.216202735900878906e+01
-6.939291477203369141e+00 1.456068515777587891e+01 2.218502235412597656e+01
-6.854377269744873047e+00 1.454651927947998047e+01 2.220817375183105469e+01
-6.773256301879882812e+00 1.452880382537841797e+01 2.223147201538085938e+01
-6.696218013763427734e+00 1.450711822509765625e+01 2.225489997863769531e+01
-6.623508453369140625e+00 1.448108100891113281e+01 2.227843284606933594e+01
-6.555319309234619141e+00 1.445040035247802734e+01 2.230205154418945312e+01
-6.493893623352050781e+00 1.441898345947265625e+01 2.231968498229980469e+01
-6.438714981079101562e+00 1.438553237915039062e+01 2.233294486999511719e+01
-6.388709068298339844e+00 1.434787559509277344e+01 2.234483718872070312e+01
-6.343806743621826172e+00 1.430604267120361328e+01 2.235526466369628906e+01
-6.303845882415771484e+00 1.426014518737792969e+01 2.236415481567382812e+01
-6.268583297729492188e+00 1.421035003662109375e+01 2.237145423889160156e+01
-6.237703800201416016e+00 1.415690898895263672e+01 2.237713432312011719e+01
-6.210812568664550781e+00 1.410012817382812500e+01 2.238119506835937500e+01
-6.187448978424072266e+00 1.404037857055664062e+01 2.238365936279296875e+01
-6.167106151580810547e+00 1.397809219360351562e+01 2.238459205627441406e+01
-6.149238586425781250e+00 1.391373252868652344e+01 2.238407707214355469e+01
-6.133257389068603516e+00 1.384782028198242188e+01 2.238224601745605469e+01
-6.115397930145263672e+00 1.378036403656005859e+01 2.237929916381835938e+01
-6.093438625335693359e+00 1.371166229248046875e+01 2.237544441223144531e+01
-6.071304798126220703e+00 1.364301204681396484e+01 2.237081336975097656e+01
-6.048521995544433594e+00 1.357498645782470703e+01 2.236562347412109375e+01
-6.024624824523925781e+00 1.350813293457031250e+01 2.236010742187500000e+01
-6.070760250091552734e+00 1.345062160491943359e+01 2.233225250244140625e+01
-6.129636764526367188e+00 1.339684772491455078e+01 2.229994964599609375e+01
-6.183420658111572266e+00 1.334536075592041016e+01 2.226881217956542969e+01
-6.231317996978759766e+00 1.329647350311279297e+01 2.223915672302246094e+01
-6.272621631622314453e+00 1.325041770935058594e+01 2.221124458312988281e+01
-6.306776523590087891e+00 1.320737552642822266e+01 2.218527221679687500e+01
-6.333303451538085938e+00 1.316743564605712891e+01 2.216135597229003906e+01
-6.354682922363281250e+00 1.313047599792480469e+01 2.213533401489257812e+01
-6.372638702392578125e+00 1.309633445739746094e+01 2.210424041748046875e+01
-6.382215023040771484e+00 1.306515884399414062e+01 2.207531356811523438e+01
-6.383442401885986328e+00 1.303675842285156250e+01 2.204837989807128906e+01
-6.376494884490966797e+00 1.301088523864746094e+01 2.202317047119140625e+01
-6.361648559570312500e+00 1.298722934722900391e+01 2.199935340881347656e+01
-6.339281558990478516e+00 1.296544551849365234e+01 2.197654914855957031e+01
-6.309899806976318359e+00 1.294514369964599609e+01 2.195431327819824219e+01
-6.274091720581054688e+00 1.292591953277587891e+01 2.193216896057128906e+01
-6.232526302337646484e+00 1.290734386444091797e+01 2.190960502624511719e+01
-6.185956478118896484e+00 1.288898181915283203e+01 2.188609123229980469e+01
-6.135192871093750000e+00 1.287040710449218750e+01 2.186108207702636719e+01
-6.081096172332763672e+00 1.285119438171386719e+01 2.183403396606445312e+01
-6.024557113647460938e+00 1.283093166351318359e+01 2.180438613891601562e+01
-5.966495990753173828e+00 1.280923271179199219e+01 2.177161788940429688e+01
-5.907821178436279297e+00 1.278571224212646484e+01 2.173518562316894531e+01
-5.849425315856933594e+00 1.276002407073974609e+01 2.169458580017089844e+01
-5.792196273803710938e+00 1.273182868957519531e+01 2.164931297302246094e+01
-5.736933708190917969e+00 1.270080471038818359e+01 2.159888267517089844e+01
-5.684390544891357422e+00 1.266663837432861328e+01 2.154282760620117188e+01
-5.635262966156005859e+00 1.262903976440429688e+01 2.148069572448730469e+01
-5.590110778808593750e+00 1.258770847320556641e+01 2.141206169128417969e+01
-5.549420833587646484e+00 1.254236125946044922e+01 2.133651924133300781e+01
-5.513575077056884766e+00 1.249271297454833984e+01 2.125368881225585938e+01
-5.482823848724365234e+00 1.243847179412841797e+01 2.116321754455566406e+01
-5.449825286865234375e+00 1.237817668914794922e+01 2.106486511230468750e+01
-5.422196388244628906e+00 1.231274795532226562e+01 2.095831871032714844e+01
-5.400538444519042969e+00 1.224201774597167969e+01 2.084337425231933594e+01
-5.384543895721435547e+00 1.216570186614990234e+01 2.071991729736328125e+01
-5.373725891113281250e+00 1.208353137969970703e+01 2.058790779113769531e+01
-5.367472171783447266e+00 1.199525260925292969e+01 2.044743156433105469e+01
-5.365012645721435547e+00 1.190062808990478516e+01 2.029866981506347656e+01
-5.365442276000976562e+00 1.179946422576904297e+01 2.014194488525390625e+01
-5.367747306823730469e+00 1.169160747528076172e+01 1.997772598266601562e+01
-5.370799064636230469e+00 1.157696819305419922e+01 1.980665397644042969e+01
-5.373402118682861328e+00 1.145553112030029297e+01 1.962953186035156250e+01
-5.374281406402587891e+00 1.132735919952392578e+01 1.944735717773437500e+01
-5.372134685516357422e+00 1.119261932373046875e+01 1.926132392883300781e+01
-5.365641117095947266e+00 1.105158138275146484e+01 1.907282447814941406e+01
-5.353497982025146484e+00 1.090464210510253906e+01 1.888345909118652344e+01
-5.334433555603027344e+00 1.075232124328613281e+01 1.869501876831054688e+01
-5.307250022888183594e+00 1.059527206420898438e+01 1.850948905944824219e+01
-5.270812511444091797e+00 1.043428897857666016e+01 1.832903480529785156e+01
-5.224120140075683594e+00 1.027030372619628906e+01 1.815597915649414062e+01
-5.166293144226074219e+00 1.010438060760498047e+01 1.799277687072753906e+01
-5.096583843231201172e+00 9.937709808349609375e+00 1.784198760986328125e+01
-5.014419078826904297e+00 9.771607398986816406e+00 1.770623588562011719e+01
-4.919367790222167969e+00 9.607481956481933594e+00 1.758817863464355469e+01
-4.811198711395263672e+00 9.446838378906250000e+00 1.749044990539550781e+01
-4.698711872100830078e+00 9.237958908081054688e+00 1.737462806701660156e+01
-4.577618122100830078e+00 9.008711814880371094e+00 1.726338195800781250e+01
-4.444310665130615234e+00 8.783920288085937500e+00 1.717687797546386719e+01
-4.215232849121093750e+00 8.453058242797851562e+00 1.696850395202636719e+01
-3.950616121292114258e+00 8.098567008972167969e+00 1.674681854248046875e+01
-3.601971864700317383e+00 7.825963020324707031e+00 1.660026359558105469e+01
-3.224707365036010742e+00 7.537247180938720703e+00 1.643303489685058594e+01
-2.916890621185302734e+00 7.220887184143066406e+00 1.631439018249511719e+01
-2.681531190872192383e+00 6.911954879760742188e+00 1.632431983947753906e+01
-2.465516328811645508e+00 6.595264434814453125e+00 1.637998390197753906e+01
-2.252842903137207031e+00 6.285526275634765625e+00 1.646436119079589844e+01
-2.044818878173828125e+00 5.984721183776855469e+00 1.657749366760253906e+01
-1.842659950256347656e+00 5.694734096527099609e+00 1.671908569335937500e+01
-1.749620199203491211e+00 5.251822948455810547e+00 1.668208122253417969e+01
-1.529280900955200195e+00 4.743076324462890625e+00 1.652508735656738281e+01
-1.249499797821044922e+00 4.249061107635498047e+00 1.630591011047363281e+01
-9.951364398002624512e-01 3.789023399353027344e+00 1.613442993164062500e+01
-8.841106295585632324e-01 3.381883621215820312e+00 1.603319740295410156e+01
-9.374172091484069824e-01 3.032559394836425781e+00 1.600608634948730469e+01
-1.003650903701782227e+00 2.723860740661621094e+00 1.602090644836425781e+01
-1.084561109542846680e+00 2.459637641906738281e+00 1.607374382019042969e+01
-1.172390222549438477e+00 2.233275413513183594e+00 1.616955566406250000e+01
-1.266124486923217773e+00 2.044923305511474609e+00 1.630615425109863281e+01
-1.364755868911743164e+00 1.894297003746032715e+00 1.648096084594726562e+01
-1.467290639877319336e+00 1.780700087547302246e+00 1.669106483459472656e+01
-1.572787523269653320e+00 1.703032851219177246e+00 1.693328094482421875e+01
