1.318975567817687988e+00 5.313307642936706543e-01 4.478458881378173828e+00
1.346909403800964355e+00 5.600191950798034668e-01 4.474899768829345703e+00
1.372976541519165039e+00 5.839336514472961426e-01 4.468815326690673828e+00
1.397095799446105957e+00 6.034313440322875977e-01 4.460546016693115234e+00
1.419217705726623535e+00 6.189303398132324219e-01 4.450418472290039062e+00
1.439323425292968750e+00 6.308826804161071777e-01 4.438745021820068359e+00
1.457424998283386230e+00 6.397547125816345215e-01 4.425807952880859375e+00
1.473564505577087402e+00 6.460079550743103027e-01 4.411859035491943359e+00
1.487810611724853516e+00 6.500868797302246094e-01 4.397126197814941406e+00
1.500252604484558105e+00 6.524090170860290527e-01 4.381807804107666016e+00
1.510994553565979004e+00 6.533571481704711914e-01 4.366076469421386719e+00
1.520151495933532715e+00 6.532749533653259277e-01 4.350076675415039062e+00
1.527838945388793945e+00 6.524649262428283691e-01 4.333928585052490234e+00
1.534167408943176270e+00 6.511877775192260742e-01 4.317722797393798828e+00
1.539235353469848633e+00 6.496626138687133789e-01 4.301522731781005859e+00
1.543121814727783203e+00 6.480705142021179199e-01 4.285360813140869141e+00
1.545881032943725586e+00 6.465559005737304688e-01 4.269240856170654297e+00
1.547536730766296387e+00 6.452326774597167969e-01 4.253132343292236328e+00
1.548079252243041992e+00 6.441860198974609375e-01 4.236972808837890625e+00
1.547461986541748047e+00 6.434792280197143555e-01 4.220672130584716797e+00
1.545600175857543945e+00 6.431578397750854492e-01 4.204111576080322266e+00
1.542371749877929688e+00 6.432538628578186035e-01 4.187142372131347656e+00
1.537619113922119141e+00 6.437903046607971191e-01 4.169601440429687500e+00
1.531151771545410156e+00 6.447862386703491211e-01 4.151300907135009766e+00
1.522750258445739746e+00 6.462579965591430664e-01 4.132046222686767578e+00
1.512172698974609375e+00 6.482232809066772461e-01 4.111636161804199219e+00
1.499160647392272949e+00 6.507024168968200684e-01 4.089868545532226562e+00
1.483448266983032227e+00 6.537188291549682617e-01 4.066547870635986328e+00
1.464767694473266602e+00 6.572988033294677734e-01 4.041494846343994141e+00
1.442860960960388184e+00 6.614693403244018555e-01 4.014552593231201172e+00
1.417487859725952148e+00 6.662573218345642090e-01 3.985588788986206055e+00
1.388433933258056641e+00 6.716864109039306641e-01 3.954510450363159180e+00
1.355521798133850098e+00 6.777727007865905762e-01 3.921266078948974609e+00
1.318615436553955078e+00 6.845234036445617676e-01 3.885849475860595703e+00
1.277631640434265137e+00 6.919316649436950684e-01 3.848311424255371094e+00
1.232542514801025391e+00 6.999759078025817871e-01 3.808756113052368164e+00
1.183381557464599609e+00 7.086150050163269043e-01 3.767347335815429688e+00
1.130246400833129883e+00 7.177889347076416016e-01 3.724306583404541016e+00
1.073298573493957520e+00 7.274178862571716309e-01 3.679911613464355469e+00
1.012763381004333496e+00 7.374013066291809082e-01 3.634486913681030273e+00
9.489259719848632812e-01 7.476217150688171387e-01 3.588406562805175781e+00
8.821260929107666016e-01 7.579452991485595703e-01 3.542069911956787109e+00
8.127508759498596191e-01 7.682265043258666992e-01 3.495899438858032227e+00
7.412261366844177246e-01 7.783108353614807129e-01 3.450326204299926758e+00
6.680048108100891113e-01 7.880403399467468262e-01 3.405772924423217773e+00
5.935574173927307129e-01 7.972569465637207031e-01 3.362640380859375000e+00
5.183596611022949219e-01 8.058078289031982422e-01 3.321303129196166992e+00
4.428806602954864502e-01 8.135500550270080566e-01 3.282087326049804688e+00
3.675729930400848389e-01 8.203538060188293457e-01 3.245277166366577148e+00
2.928631901741027832e-01 8.261084556579589844e-01 3.211101293563842773e+00
2.191436588764190674e-01 8.307257294654846191e-01 3.179738998413085938e+00
1.467673629522323608e-01 8.341463208198547363e-01 3.151320219039916992e+00
7.604342699050903320e-02 8.363442420959472656e-01 3.125928878784179688e+00
7.236052304506301880e-03 8.373322486877441406e-01 3.103614807128906250e+00
-5.943527072668075562e-02 8.371682167053222656e-01 3.084394693374633789e+00
-1.237941756844520569e-01 8.359607458114624023e-01 3.068265914916992188e+00
-1.857040077447891235e-01 8.338711857795715332e-01 3.055212259292602539e+00
-2.450643479824066162e-01 8.311163783073425293e-01 3.045208930969238281e+00
-3.018075823783874512e-01 8.279674649238586426e-01 3.038232088088989258e+00
-3.558948636054992676e-01 8.247429132461547852e-01 3.034256458282470703e+00
-4.073141515254974365e-01 8.217995762825012207e-01 3.033261299133300781e+00
-4.560798406600952148e-01 8.195188045501708984e-01 3.035227537155151367e+00
-5.022315979003906250e-01 8.182899355888366699e-01 3.040136814117431641e+00
-5.458358526229858398e-01 8.184892535209655762e-01 3.047963619232177734e+00
-5.869866609573364258e-01 8.204626441001892090e-01 3.058676481246948242e+00
-6.258063912391662598e-01 8.245059847831726074e-01 3.072224617004394531e+00
-6.624448895454406738e-01 8.308517336845397949e-01 3.088537931442260742e+00
-6.970791220664978027e-01 8.396554589271545410e-01 3.107517719268798828e+00
-7.299090027809143066e-01 8.509909510612487793e-01 3.129031181335449219e+00
-7.611526846885681152e-01 8.648473620414733887e-01 3.152912378311157227e+00
-7.910432219505310059e-01 8.811308145523071289e-01 3.178950309753417969e+00
-8.198200464248657227e-01 8.996722102165222168e-01 3.206898450851440430e+00
-8.477236628532409668e-01 9.202312231063842773e-01 3.236463308334350586e+00
-8.749882578849792480e-01 9.425121545791625977e-01 3.267318248748779297e+00
-9.018347859382629395e-01 9.661716818809509277e-01 3.299098014831542969e+00
-9.284648895263671875e-01 9.908341765403747559e-01 3.331408500671386719e+00
-9.550539851188659668e-01 1.016102790832519531e+00 3.363832473754882812e+00
-9.817450046539306641e-01 1.041574358940124512e+00 3.395939826965332031e+00
-1.008642196655273438e+00 1.066847801208496094e+00 3.427290678024291992e+00
-1.035805463790893555e+00 1.091540694236755371e+00 3.457448244094848633e+00
-1.063245892524719238e+00 1.115296363830566406e+00 3.485992908477783203e+00
-1.090919375419616699e+00 1.137794852256774902e+00 3.512516021728515625e+00
-1.118721842765808105e+00 1.158763408660888672e+00 3.536644935607910156e+00
-1.146487236022949219e+00 1.177985668182373047e+00 3.558038711547851562e+00
-1.173981904983520508e+00 1.195309519767761230e+00 3.576400518417358398e+00
-1.200906634330749512e+00 1.210659027099609375e+00 3.591480493545532227e+00
-1.226892232894897461e+00 1.224042534828186035e+00 3.603089094161987305e+00
-1.251504659652709961e+00 1.235560774803161621e+00 3.611093282699584961e+00
-1.274248719215393066e+00 1.245414495468139648e+00 3.615428686141967773e+00
-1.294574499130249023e+00 1.253909349441528320e+00 3.616102218627929688e+00
-1.311885833740234375e+00 1.261458158493041992e+00 3.613198995590209961e+00
-1.325553536415100098e+00 1.268576383590698242e+00 3.606882333755493164e+00
-1.334925889968872070e+00 1.275872826576232910e+00 3.597395181655883789e+00
-1.339345455169677734e+00 1.284033060073852539e+00 3.585062265396118164e+00
-1.338162422180175781e+00 1.293793559074401855e+00 3.570275545120239258e+00
-1.330753803253173828e+00 1.305908083915710449e+00 3.553491592407226562e+00
-1.316541075706481934e+00 1.321100473403930664e+00 3.535214424133300781e+00
-1.295017600059509277e+00 1.340012192726135254e+00 3.515973091125488281e+00
-1.265779733657836914e+00 1.363136172294616699e+00 3.496303558349609375e+00
-1.228570580482482910e+00 1.390746712684631348e+00 3.476721763610839844e+00
-1.183335304260253906e+00 1.422829627990722656e+00 3.457707166671752930e+00
-1.130272388458251953e+00 1.459030389785766602e+00 3.439681053161621094e+00
-1.069887518882751465e+00 1.498626708984375000e+00 3.422997951507568359e+00
-1.003009796142578125e+00 1.540560722351074219e+00 3.407949209213256836e+00
-9.307629466056823730e-01 1.583533763885498047e+00 3.394759893417358398e+00
-8.544735908508300781e-01 1.626159548759460449e+00 3.383610725402832031e+00
-7.755267024040222168e-01 1.667151570320129395e+00 3.374640703201293945e+00
-6.952075958251953125e-01 1.705494761466979980e+00 3.367962360382080078e+00
-6.145706772804260254e-01 1.740547299385070801e+00 3.363671064376831055e+00
-5.343731641769409180e-01 1.772060394287109375e+00 3.361844778060913086e+00
-4.550763070583343506e-01 1.800120472908020020e+00 3.362549781799316406e+00
-3.768990635871887207e-01 1.825053215026855469e+00 3.365829944610595703e+00
-2.998928129673004150e-01 1.847317099571228027e+00 3.371708154678344727e+00
-2.240124344825744629e-01 1.867423295974731445e+00 3.380170345306396484e+00
-1.491724103689193726e-01 1.885867834091186523e+00 3.391167879104614258e+00
-7.528407126665115356e-02 1.903096795082092285e+00 3.404604911804199219e+00
-2.277599647641181946e-03 1.919481515884399414e+00 3.420342206954956055e+00
6.988769769668579102e-02 1.935309171676635742e+00 3.438187122344970703e+00
1.412197202444076538e-01 1.950782060623168945e+00 3.457898616790771484e+00
2.116932719945907593e-01 1.966018795967102051e+00 3.479190826416015625e+00
2.812548875808715820e-01 1.981064558029174805e+00 3.501738071441650391e+00
3.498248457908630371e-01 1.995893001556396484e+00 3.525189161300659180e+00
4.173037409782409668e-01 2.010415077209472656e+00 3.549173831939697266e+00
4.835776090621948242e-01 2.024487257003784180e+00 3.573328733444213867e+00
5.485211014747619629e-01 2.037912845611572266e+00 3.597304105758666992e+00
6.120038032531738281e-01 2.050453662872314453e+00 3.620780229568481445e+00
6.738924384117126465e-01 2.061831474304199219e+00 3.643482208251953125e+00
7.340548038482666016e-01 2.071738004684448242e+00 3.665184497833251953e+00
7.923601865768432617e-01 2.079839706420898438e+00 3.685721874237060547e+00
8.486843705177307129e-01 2.085787773132324219e+00 3.704987525939941406e+00
9.029068350791931152e-01 2.089223861694335938e+00 3.722938537597656250e+00
9.549154639244079590e-01 2.089786291122436523e+00 3.739588737487792969e+00
1.004605650901794434e+00 2.087114572525024414e+00 3.755007743835449219e+00
1.051879525184631348e+00 2.080859661102294922e+00 3.769312620162963867e+00
1.096649765968322754e+00 2.070683240890502930e+00 3.782662391662597656e+00
1.138834714889526367e+00 2.056266069412231445e+00 3.795251607894897461e+00
1.178363561630249023e+00 2.037309885025024414e+00 3.807294368743896484e+00
1.215172529220581055e+00 2.013545036315917969e+00 3.819028615951538086e+00
1.249207139015197754e+00 1.984733819961547852e+00 3.830689191818237305e+00
1.280420780181884766e+00 1.950677275657653809e+00 3.842510938644409180e+00
1.308776736259460449e+00 1.911220550537109375e+00 3.854710340499877930e+00
1.334244966506958008e+00 1.866260051727294922e+00 3.867471218109130859e+00
1.356805443763732910e+00 1.815746307373046875e+00 3.880930662155151367e+00
1.376441121101379395e+00 1.759683132171630859e+00 3.895161151885986328e+00
1.393138647079467773e+00 1.698133230209350586e+00 3.910151481628417969e+00
1.406882762908935547e+00 1.631204366683959961e+00 3.925788402557373047e+00
1.417650341987609863e+00 1.559048771858215332e+00 3.941837072372436523e+00
1.425405621528625488e+00 1.481853365898132324e+00 3.957921743392944336e+00
1.430094718933105469e+00 1.399839401245117188e+00 3.973526477813720703e+00
1.431645154953002930e+00 1.313271641731262207e+00 3.987988948822021484e+00
1.429967641830444336e+00 1.222487807273864746e+00 4.000526905059814453e+00
1.424962997436523438e+00 1.127944111824035645e+00 4.010272026062011719e+00
1.416533350944519043e+00 1.030271530151367188e+00 4.016337394714355469e+00
1.404591560363769531e+00 9.303284287452697754e-01 4.017891883850097656e+00
1.389062523841857910e+00 8.292153477668762207e-01 4.014250755310058594e+00
1.369884967803955078e+00 7.282397747039794922e-01 4.004980087280273438e+00
1.347009181976318359e+00 6.288171410560607910e-01 3.989996910095214844e+00
1.320406556129455566e+00 5.323255658149719238e-01 3.969640970230102539e+00
1.290081977844238281e+00 4.399443864822387695e-01 3.944700479507446289e+00
1.256106972694396973e+00 3.525303006172180176e-01 3.916342258453369141e+00
1.218649268150329590e+00 2.705964148044586182e-01 3.885946035385131836e+00
1.177999496459960938e+00 1.944061219692230225e-01 3.854878187179565430e+00
1.134587049484252930e+00 1.241329312324523926e-01 3.824300527572631836e+00
1.088975071907043457e+00 5.998374149203300476e-02 3.795043230056762695e+00
1.041839599609375000e+00 2.242005895823240280e-03 3.767585039138793945e+00
9.939341545104980469e-01 -4.875715076923370361e-02 3.742095708847045898e+00
9.460547566413879395e-01 -9.267574548721313477e-02 3.718528985977172852e+00
8.990057110786437988e-01 -1.292111575603485107e-01 3.696706533432006836e+00
8.535671234130859375e-01 -1.581163704395294189e-01 3.676409482955932617e+00
8.104722499847412109e-01 -1.792054623365402222e-01 3.657429456710815430e+00
7.703874111175537109e-01 -1.923515647649765015e-01 3.639614105224609375e+00
7.338964343070983887e-01 -1.974835842847824097e-01 3.622895956039428711e+00
7.014904618263244629e-01 -1.945837438106536865e-01 3.607296705245971680e+00
6.735606789588928223e-01 -1.836870312690734863e-01 3.592943429946899414e+00
6.503953933715820312e-01 -1.648835837841033936e-01 3.580053091049194336e+00
6.321803331375122070e-01 -1.383240669965744019e-01 3.568931579589843750e+00
6.190038323402404785e-01 -1.042277291417121887e-01 3.559949874877929688e+00
6.108646392822265625e-01 -6.289151310920715332e-02 3.553531646728515625e+00
6.076832413673400879e-01 -1.470444817095994949e-02 3.550113916397094727e+00
6.093167066574096680e-01 3.983891010284423828e-02 3.550109624862670898e+00
6.155743002891540527e-01 1.001212149858474731e-01 3.553857564926147461e+00
6.262335777282714844e-01 1.653892546892166138e-01 3.561562061309814453e+00
6.410543918609619141e-01 2.347455024719238281e-01 3.573231458663940430e+00
6.597889065742492676e-01 3.071492612361907959e-01 3.588619232177734375e+00
6.821871995925903320e-01 3.814306557178497314e-01 3.607197761535644531e+00
7.079926133155822754e-01 4.563170969486236572e-01 3.628165960311889648e+00
7.369351983070373535e-01 5.304719805717468262e-01 3.650505781173706055e+00
7.687226533889770508e-01 6.025472879409790039e-01 3.673092126846313477e+00
8.030337095260620117e-01 6.712507009506225586e-01 3.694816589355468750e+00
8.395199179649353027e-01 7.354193925857543945e-01 3.714692592620849609e+00
8.778105378150939941e-01 7.940893173217773438e-01 3.731938838958740234e+00
9.175223708152770996e-01 8.465422391891479492e-01 3.745991230010986328e+00
9.582661986351013184e-01 8.923227190971374512e-01 3.756485939025878906e+00
9.996532201766967773e-01 9.312301874160766602e-01 3.763210296630859375e+00
1.041294097900390625e+00 9.632884860038757324e-01 3.766050577163696289e+00
1.082800865173339844e+00 9.887108802795410156e-01 3.764943599700927734e+00
1.123784303665161133e+00 1.007859349250793457e+00 3.759840011596679688e+00
1.163854122161865234e+00 1.021211028099060059e+00 3.750688076019287109e+00
1.202618002891540527e+00 1.029325842857360840e+00 3.737421989440917969e+00
1.239684104919433594e+00 1.032822251319885254e+00 3.719967842102050781e+00
1.274660229682922363e+00 1.032353162765502930e+00 3.698250293731689453e+00
1.307158231735229492e+00 1.028587579727172852e+00 3.672205209732055664e+00
1.336796641349792480e+00 1.022193312644958496e+00 3.641794681549072266e+00
1.363205671310424805e+00 1.013819694519042969e+00 3.607019901275634766e+00
1.386029958724975586e+00 1.004084706306457520e+00 3.567935943603515625e+00
1.404937148094177246e+00 9.935613870620727539e-01 3.524664640426635742e+00
1.419620633125305176e+00 9.827663898468017578e-01 3.477399349212646484e+00
1.429806113243103027e+00 9.721494913101196289e-01 3.426417112350463867e+00
1.435256719589233398e+00 9.620874524116516113e-01 3.372076749801635742e+00
1.435777068138122559e+00 9.528791904449462891e-01 3.314825296401977539e+00
1.431215405464172363e+00 9.447453618049621582e-01 3.255184888839721680e+00
1.421467661857604980e+00 9.378296136856079102e-01 3.193751573562622070e+00
1.406475901603698730e+00 9.322040081024169922e-01 3.131176471710205078e+00
1.386228203773498535e+00 9.278783202171325684e-01 3.068154096603393555e+00
1.360756754875183105e+00 9.248099327087402344e-01 3.005402088165283203e+00
1.330137014389038086e+00 9.229174256324768066e-01 2.943636894226074219e+00
1.294480085372924805e+00 9.220931529998779297e-01 2.883554935455322266e+00
1.253934025764465332e+00 9.222171306610107422e-01 2.825813055038452148e+00
1.208678126335144043e+00 9.231690764427185059e-01 2.771007061004638672e+00
1.158919215202331543e+00 9.248383641242980957e-01 2.719663381576538086e+00
1.104892969131469727e+00 9.271306991577148438e-01 2.672221660614013672e+00
1.046860098838806152e+00 9.299730062484741211e-01 2.629035949707031250e+00
9.851049780845642090e-01 9.333141446113586426e-01 2.590365171432495117e+00
9.199350476264953613e-01 9.371216297149658203e-01 2.556381225585937500e+00
8.516802191734313965e-01 9.413802027702331543e-01 2.527168750762939453e+00
7.806895375251770020e-01 9.460823535919189453e-01 2.502734422683715820e+00
7.073295712471008301e-01 9.512244462966918945e-01 2.483007192611694336e+00
6.319811344146728516e-01 9.567976593971252441e-01 2.467857599258422852e+00
5.550335049629211426e-01 9.627805352210998535e-01 2.457094192504882812e+00
4.768804013729095459e-01 9.691346883773803711e-01 2.450476646423339844e+00
3.979135453701019287e-01 9.757959842681884766e-01 2.447724580764770508e+00
3.185157477855682373e-01 9.826746582984924316e-01 2.448522806167602539e+00
2.390551418066024780e-01 9.896498918533325195e-01 2.452530384063720703e+00
1.598778516054153442e-01 9.965695738792419434e-01 2.459387540817260742e+00
8.130328357219696045e-02 1.003254532814025879e+00 2.468723773956298828e+00
3.618747927248477936e-03 1.009499788284301758e+00 2.480164766311645508e+00
-7.292325049638748169e-02 1.015081524848937988e+00 2.493340015411376953e+00
-1.481068283319473267e-01 1.019766926765441895e+00 2.507890939712524414e+00
-2.217521518468856812e-01 1.023324489593505859e+00 2.523477315902709961e+00
-2.937126457691192627e-01 1.025535941123962402e+00 2.539781093597412109e+00
-3.638713657855987549e-01 1.026212573051452637e+00 2.556518077850341797e+00
-4.321352243423461914e-01 1.025208711624145508e+00 2.573437213897705078e+00
-4.984274208545684814e-01 1.022438287734985352e+00 2.590327739715576172e+00
-5.626813173294067383e-01 1.017885208129882812e+00 2.607021093368530273e+00
-6.248347163200378418e-01 1.011613607406616211e+00 2.623389482498168945e+00
-6.848261952400207520e-01 1.003770589828491211e+00 2.639350414276123047e+00
-7.425926923751831055e-01 9.945848584175109863e-01 2.654857158660888672e+00
-7.980728149414062500e-01 9.843553900718688965e-01 2.669905424118041992e+00
-8.512119054794311523e-01 9.734357595443725586e-01 2.684514284133911133e+00
-9.019691944122314453e-01 9.622151851654052734e-01 2.698735713958740234e+00
-9.503247141838073730e-01 9.510961174964904785e-01 2.712638616561889648e+00
-9.962873458862304688e-01 9.404719471931457520e-01 2.726309537887573242e+00
-1.039898037910461426e+00 9.307107925415039062e-01 2.739843845367431641e+00
-1.081234097480773926e+00 9.221396446228027344e-01 2.753342390060424805e+00
-1.120405435562133789e+00 9.150363802909851074e-01 2.766911029815673828e+00
-1.157553672790527344e+00 9.096251130104064941e-01 2.780654907226562500e+00
-1.192844510078430176e+00 9.060781002044677734e-01 2.794672727584838867e+00
-1.226461887359619141e+00 9.045175909996032715e-01 2.809060811996459961e+00
-1.258601427078247070e+00 9.050216674804687500e-01 2.823909282684326172e+00
-1.289462566375732422e+00 9.076300263404846191e-01 2.839298486709594727e+00
-1.319240927696228027e+00 9.123511314392089844e-01 2.855298519134521484e+00
-1.348125576972961426e+00 9.191665649414062500e-01 2.871970653533935547e+00
-1.376290678977966309e+00 9.280378222465515137e-01 2.889361619949340820e+00
-1.403894543647766113e+00 9.389081597328186035e-01 2.907506227493286133e+00
-1.431075453758239746e+00 9.517071247100830078e-01 2.926425695419311523e+00
-1.457949876785278320e+00 9.663509130477905273e-01 2.946123600006103516e+00
-1.484610795974731445e+00 9.827449917793273926e-01 2.966588735580444336e+00
-1.511128544807434082e+00 1.000782012939453125e+00 2.987792730331420898e+00
-1.537549018859863281e+00 1.020346760749816895e+00 3.009688615798950195e+00
-1.563892960548400879e+00 1.041310667991638184e+00 3.032210350036621094e+00
-1.590160012245178223e+00 1.063535571098327637e+00 3.055276632308959961e+00
-1.616327762603759766e+00 1.086873769760131836e+00 3.078783750534057617e+00
-1.642351388931274414e+00 1.111168980598449707e+00 3.102613925933837891e+00
-1.668168783187866211e+00 1.136258006095886230e+00 3.126631021499633789e+00
-1.693698406219482422e+00 1.161973953247070312e+00 3.150686025619506836e+00
-1.718843698501586914e+00 1.188149213790893555e+00 3.174617290496826172e+00
-1.743494868278503418e+00 1.214617729187011719e+00 3.198253631591796875e+00
-1.767530560493469238e+00 1.241222500801086426e+00 3.221417427062988281e+00
-1.790821909904479980e+00 1.267813801765441895e+00 3.243925571441650391e+00
-1.813237547874450684e+00 1.294258356094360352e+00 3.265595674514770508e+00
-1.834640979766845703e+00 1.320440530776977539e+00 3.286246776580810547e+00
-1.854902148246765137e+00 1.346264839172363281e+00 3.305706024169921875e+00
-1.873895287513732910e+00 1.371657252311706543e+00 3.323808670043945312e+00
-1.891506552696228027e+00 1.396567463874816895e+00 3.340403556823730469e+00
-1.907633900642395020e+00 1.420969128608703613e+00 3.355355501174926758e+00
-1.922195792198181152e+00 1.444857478141784668e+00 3.368551492691040039e+00
-1.935128569602966309e+00 1.468251228332519531e+00 3.379902124404907227e+00
-1.946394562721252441e+00 1.491186857223510742e+00 3.389345645904541016e+00
-1.955982208251953125e+00 1.513719081878662109e+00 3.396850585937500000e+00
-1.963906049728393555e+00 1.535920262336730957e+00 3.402420997619628906e+00
-1.970210433006286621e+00 1.557873606681823730e+00 3.406099319458007812e+00
-1.974969148635864258e+00 1.579674839973449707e+00 3.407964468002319336e+00
-1.978284835815429688e+00 1.601429820060729980e+00 3.408138990402221680e+00
-1.980288505554199219e+00 1.623251676559448242e+00 3.406785726547241211e+00
-1.981137394905090332e+00 1.645257115364074707e+00 3.404105901718139648e+00
-1.981012105941772461e+00 1.667570114135742188e+00 3.400345563888549805e+00
-1.980117440223693848e+00 1.690317511558532715e+00 3.395783662796020508e+00
-1.978671193122863770e+00 1.713627696037292480e+00 3.390732765197753906e+00
-1.976909041404724121e+00 1.737632989883422852e+00 3.385537147521972656e+00
-1.975073814392089844e+00 1.762462258338928223e+00 3.380561828613281250e+00
-1.973415970802307129e+00 1.788243889808654785e+00 3.376190185546875000e+00
-1.972184658050537109e+00 1.815097928047180176e+00 3.372812032699584961e+00
-1.971626043319702148e+00 1.843134880065917969e+00 3.370817422866821289e+00
-1.971979260444641113e+00 1.872445464134216309e+00 3.370586633682250977e+00
-1.973470687866210938e+00 1.903094410896301270e+00 3.372477054595947266e+00
-1.976311922073364258e+00 1.935109615325927734e+00 3.376812458038330078e+00
-1.980695486068725586e+00 1.968472480773925781e+00 3.383872747421264648e+00
-1.986791610717773438e+00 2.003107070922851562e+00 3.393881320953369141e+00
-1.994745612144470215e+00 2.038872003555297852e+00 3.406993389129638672e+00
-2.004675626754760742e+00 2.075556039810180664e+00 3.423290729522705078e+00
-2.016668796539306641e+00 2.112877845764160156e+00 3.442776203155517578e+00
-2.030777692794799805e+00 2.150487661361694336e+00 3.465369462966918945e+00
-2.047018051147460938e+00 2.187987089157104492e+00 3.490913391113281250e+00
-2.065365791320800781e+00 2.224937915802001953e+00 3.519173860549926758e+00
-2.085747718811035156e+00 2.260889291763305664e+00 3.549854516983032227e+00
-2.108046531677246094e+00 2.295399188995361328e+00 3.582600593566894531e+00
-2.132089138031005859e+00 2.328064203262329102e+00 3.617012977600097656e+00
-2.157647132873535156e+00 2.358538389205932617e+00 3.652659416198730469e+00
-2.184437274932861328e+00 2.386555910110473633e+00 3.689086675643920898e+00
-2.212121009826660156e+00 2.411941766738891602e+00 3.725822925567626953e+00
-2.240309715270996094e+00 2.434620618820190430e+00 3.762393474578857422e+00
-2.268573760986328125e+00 2.454611301422119141e+00 3.798317909240722656e+00
-2.296447277069091797e+00 2.472023963928222656e+00 3.833123445510864258e+00
-2.323446989059448242e+00 2.487048387527465820e+00 3.866343259811401367e+00
-2.349086046218872070e+00 2.499933242797851562e+00 3.897530317306518555e+00
-2.372885942459106445e+00 2.510972738265991211e+00 3.926254034042358398e+00
-2.394397974014282227e+00 2.520488500595092773e+00 3.952115774154663086e+00
-2.413216829299926758e+00 2.528805971145629883e+00 3.974752187728881836e+00
-2.428991794586181641e+00 2.536248445510864258e+00 3.993843793869018555e+00
-2.441444158554077148e+00 2.543115615844726562e+00 4.009120941162109375e+00
-2.450368165969848633e+00 2.549678802490234375e+00 4.020372390747070312e+00
-2.455643177032470703e+00 2.556169986724853516e+00 4.027445793151855469e+00
-2.457227945327758789e+00 2.562777280807495117e+00 4.030251502990722656e+00
-2.455163478851318359e+00 2.569643735885620117e+00 4.028762340545654297e+00
-2.449563503265380859e+00 2.576865911483764648e+00 4.023010253906250000e+00
-2.440612077713012695e+00 2.584496498107910156e+00 4.013086795806884766e+00
-2.428546905517578125e+00 2.592546939849853516e+00 3.999135732650756836e+00
-2.413653135299682617e+00 2.600992918014526367e+00 3.981350660324096680e+00
-2.396250486373901367e+00 2.609779834747314453e+00 3.959964752197265625e+00
-2.376676797866821289e+00 2.618829965591430664e+00 3.935246944427490234e+00
-2.355285406112670898e+00 2.628052711486816406e+00 3.907497167587280273e+00
-2.332423210144042969e+00 2.637347936630249023e+00 3.877038717269897461e+00
-2.308430194854736328e+00 2.646618843078613281e+00 3.844209909439086914e+00
-2.283631801605224609e+00 2.655776977539062500e+00 3.809365749359130859e+00
-2.258322238922119141e+00 2.664750814437866211e+00 3.772865056991577148e+00
-2.232773780822753906e+00 2.673492908477783203e+00 3.735071182250976562e+00
-2.207229137420654297e+00 2.681979656219482422e+00 3.696344614028930664e+00
-2.181896448135375977e+00 2.690218925476074219e+00 3.657042741775512695e+00
-2.156957149505615234e+00 2.698244810104370117e+00 3.617511510848999023e+00
-2.132562398910522461e+00 2.706117391586303711e+00 3.578086853027343750e+00
-2.108837842941284180e+00 2.713918209075927734e+00 3.539084911346435547e+00
-2.085890531539916992e+00 2.721744060516357422e+00 3.500800848007202148e+00
-2.063805580139160156e+00 2.729693412780761719e+00 3.463510513305664062e+00
-2.042658329010009766e+00 2.737865924835205078e+00 3.427453994750976562e+00
-2.022512197494506836e+00 2.746346473693847656e+00 3.392845630645751953e+00
-2.003427743911743164e+00 2.755203485488891602e+00 3.359864473342895508e+00
-1.985460162162780762e+00 2.764478921890258789e+00 3.328653335571289062e+00
-1.968666911125183105e+00 2.774186611175537109e+00 3.299321413040161133e+00
-1.953104019165039062e+00 2.784313440322875977e+00 3.271941661834716797e+00
-1.938831210136413574e+00 2.794816255569458008e+00 3.246555089950561523e+00
-1.925907135009765625e+00 2.805629253387451172e+00 3.223175048828125000e+00
-1.914392828941345215e+00 2.816668510437011719e+00 3.201787233352661133e+00
-1.904346585273742676e+00 2.827837705612182617e+00 3.182355165481567383e+00
-1.895823001861572266e+00 2.839036703109741211e+00 3.164824962615966797e+00
-1.888873219490051270e+00 2.850163936614990234e+00 3.149127006530761719e+00
-1.883536219596862793e+00 2.861128568649291992e+00 3.135181665420532227e+00
-1.879846215248107910e+00 2.871850490570068359e+00 3.122900247573852539e+00
-1.877822160720825195e+00 2.882266283035278320e+00 3.112188339233398438e+00
-1.877473115921020508e+00 2.892334938049316406e+00 3.102946043014526367e+00
-1.878793597221374512e+00 2.902033805847167969e+00 3.095071077346801758e+00
-1.881766676902770996e+00 2.911367893218994141e+00 3.088459730148315430e+00
-1.886359214782714844e+00 2.920359611511230469e+00 3.083004474639892578e+00
-1.892527103424072266e+00 2.929057836532592773e+00 3.078600168228149414e+00
-1.900212407112121582e+00 2.937530517578125000e+00 3.075140237808227539e+00
-1.909345626831054688e+00 2.945867061614990234e+00 3.072518587112426758e+00
-1.919847011566162109e+00 2.954169511795043945e+00 3.070631504058837891e+00
-1.931626439094543457e+00 2.962558269500732422e+00 3.069378852844238281e+00
-1.944588184356689453e+00 2.971160650253295898e+00 3.068662643432617188e+00
-1.958629131317138672e+00 2.980110883712768555e+00 3.068391084671020508e+00
-1.973642587661743164e+00 2.989547014236450195e+00 3.068475961685180664e+00
-1.989521503448486328e+00 2.999601602554321289e+00 3.068836927413940430e+00
-2.006160974502563477e+00 3.010399341583251953e+00 3.069398164749145508e+00
-2.023458242416381836e+00 3.022053956985473633e+00 3.070092439651489258e+00
-2.041318178176879883e+00 3.034657239913940430e+00 3.070857763290405273e+00
-2.059653520584106445e+00 3.048280477523803711e+00 3.071637392044067383e+00
-2.078388690948486328e+00 3.062968492507934570e+00 3.072380304336547852e+00
-2.097461223602294922e+00 3.078736305236816406e+00 3.073042392730712891e+00
-2.116818666458129883e+00 3.095568418502807617e+00 3.073583841323852539e+00
-2.136425495147705078e+00 3.113417148590087891e+00 3.073969125747680664e+00
-2.156259536743164062e+00 3.132207155227661133e+00 3.074170351028442383e+00
-2.176309347152709961e+00 3.151834726333618164e+00 3.074163913726806641e+00
-2.196576833724975586e+00 3.172173500061035156e+00 3.073932409286499023e+00
-2.217070817947387695e+00 3.193078041076660156e+00 3.073467493057250977e+00
-2.237807035446166992e+00 3.214391469955444336e+00 3.072765827178955078e+00
-2.258803844451904297e+00 3.235946893692016602e+00 3.071833133697509766e+00
-2.280078649520874023e+00 3.257578372955322266e+00 3.070681571960449219e+00
-2.301644086837768555e+00 3.279122114181518555e+00 3.069331407546997070e+00
-2.323505401611328125e+00 3.300419330596923828e+00 3.067809104919433594e+00
-2.345657348632812500e+00 3.321327686309814453e+00 3.066144466400146484e+00
-2.368082284927368164e+00 3.341716289520263672e+00 3.064373493194580078e+00
-2.390747547149658203e+00 3.361470460891723633e+00 3.062532424926757812e+00
-2.413604259490966797e+00 3.380493402481079102e+00 3.060656070709228516e+00
-2.436587333679199219e+00 3.398709297180175781e+00 3.058780908584594727e+00
-2.459617137908935547e+00 3.416056632995605469e+00 3.056936740875244141e+00
-2.482598304748535156e+00 3.432494640350341797e+00 3.055149078369140625e+00
-2.505424499511718750e+00 3.447998285293579102e+00 3.053436279296875000e+00
-2.527978658676147461e+00 3.462559461593627930e+00 3.051813125610351562e+00
-2.550136327743530273e+00 3.476182699203491211e+00 3.050280094146728516e+00
-2.571770668029785156e+00 3.488885879516601562e+00 3.048838138580322266e+00
-2.592753648757934570e+00 3.500695466995239258e+00 3.047474145889282227e+00
-2.612958908081054688e+00 3.511649608612060547e+00 3.046174049377441406e+00
-2.632268667221069336e+00 3.521790742874145508e+00 3.044915914535522461e+00
-2.650569915771484375e+00 3.531166791915893555e+00 3.043671607971191406e+00
-2.667759895324707031e+00 3.539829969406127930e+00 3.042411088943481445e+00
-2.683744192123413086e+00 3.547834873199462891e+00 3.041099309921264648e+00
-2.698443174362182617e+00 3.555238246917724609e+00 3.039698600769042969e+00
-2.711783170700073242e+00 3.562098741531372070e+00 3.038169384002685547e+00
-2.723704814910888672e+00 3.568476676940917969e+00 3.036470651626586914e+00
-2.734156608581542969e+00 3.574431180953979492e+00 3.034561157226562500e+00
-2.743098258972167969e+00 3.580025672912597656e+00 3.032397270202636719e+00
-2.750499963760375977e+00 3.585322380065917969e+00 3.029939889907836914e+00
-2.756339550018310547e+00 3.590386152267456055e+00 3.027149438858032227e+00
-2.760606765747070312e+00 3.595278739929199219e+00 3.023991346359252930e+00
-2.763301849365234375e+00 3.600066423416137695e+00 3.020433187484741211e+00
-2.764438629150390625e+00 3.604807615280151367e+00 3.016448497772216797e+00
-2.764039278030395508e+00 3.609562873840332031e+00 3.012017726898193359e+00
-2.762145042419433594e+00 3.614385366439819336e+00 3.007127046585083008e+00
-2.758808612823486328e+00 3.619323492050170898e+00 3.001774311065673828e+00
-2.754097223281860352e+00 3.624414920806884766e+00 2.995962858200073242e+00
-2.748096227645874023e+00 3.629695415496826172e+00 2.989706993103027344e+00
-2.740904092788696289e+00 3.635185718536376953e+00 2.983028888702392578e+00
-2.732632398605346680e+00 3.640901565551757812e+00 2.975964069366455078e+00
-2.723410844802856445e+00 3.646846294403076172e+00 2.968554735183715820e+00
-2.713373184204101562e+00 3.653016567230224609e+00 2.960854768753051758e+00
-2.702667474746704102e+00 3.659398555755615234e+00 2.952924728393554688e+00
-2.691445589065551758e+00 3.665973901748657227e+00 2.944834470748901367e+00
-2.679862499237060547e+00 3.672718048095703125e+00 2.936659336090087891e+00
-2.668077230453491211e+00 3.679599046707153320e+00 2.928482055664062500e+00
-2.656239271163940430e+00 3.686584711074829102e+00 2.920384168624877930e+00
-2.644498586654663086e+00 3.693637609481811523e+00 2.912450551986694336e+00
-2.632993221282958984e+00 3.700719594955444336e+00 2.904765844345092773e+00
-2.621848344802856445e+00 3.707792520523071289e+00 2.897408723831176758e+00
-2.611174821853637695e+00 3.714814662933349609e+00 2.890452146530151367e+00
-2.601069450378417969e+00 3.721747159957885742e+00 2.883960247039794922e+00
-2.591604709625244141e+00 3.728547573089599609e+00 2.877987623214721680e+00
-2.582837104797363281e+00 3.735178947448730469e+00 2.872573137283325195e+00
-2.574800252914428711e+00 3.741598367691040039e+00 2.867744207382202148e+00
